 2.196384408E-02
 2.196825482E-02
 2.197724581E-02
 2.196904086E-02
 2.194239385E-02
 2.189935558E-02
 2.183861658E-02
 2.176592872E-02
 2.168308757E-02
 2.159598097E-02
 2.149973251E-02
 2.121595107E-02
 2.106074430E-02
 2.102524415E-02
 2.107421122E-02
 2.117720619E-02
 2.130646445E-02
 2.144212276E-02
 2.157114074E-02
 2.168535814E-02
 2.178279683E-02
 2.195497230E-02
 2.209330164E-02
 2.208993584E-02
 2.197959647E-02
 2.179431170E-02
 2.156816609E-02
 2.133035474E-02
 2.110232413E-02
 2.089794725E-02
 2.072473429E-02
 2.058542520E-02
 2.047939599E-02
 2.040387131E-02
 2.035476081E-02
 2.032723278E-02
 2.031610347E-02
 2.031608857E-02
 2.032193542E-02
 2.032840438E-02
 2.033157088E-02
 2.033306658E-02
 2.198585495E-02
 2.198845334E-02
 2.199374884E-02
 2.198413014E-02
 2.195831388E-02
 2.191793732E-02
 2.186289057E-02
 2.179691754E-02
 2.172195725E-02
 2.164266445E-02
 2.155383863E-02
 2.129701152E-02
 2.115179226E-02
 2.111301012E-02
 2.115042321E-02
 2.123722993E-02
 2.134837210E-02
 2.146590874E-02
 2.157807536E-02
 2.167736925E-02
 2.176163718E-02
 2.191045135E-02
 2.202835493E-02
 2.201505192E-02
 2.190537937E-02
 2.172819152E-02
 2.151449956E-02
 2.129093744E-02
 2.107703686E-02
 2.088539675E-02
 2.072280832E-02
 2.059167810E-02
 2.049134858E-02
 2.041920274E-02
 2.037145570E-02
 2.034371160E-02
 2.033133432E-02
 2.032966726E-02
 2.033422142E-02
 2.034106292E-02
 2.034781873E-02
 2.035103366E-02
 2.203097753E-02
 2.202985622E-02
 2.202757262E-02
 2.201505192E-02
 2.199093252E-02
 2.195600793E-02
 2.191261575E-02
 2.186039276E-02
 2.180156671E-02
 2.173827030E-02
 2.166463621E-02
 2.146301977E-02
 2.133830264E-02
 2.129283361E-02
 2.130660042E-02
 2.136025019E-02
 2.143427357E-02
 2.151466906E-02
 2.159229293E-02
 2.166099288E-02
 2.171825804E-02
 2.181916311E-02
 2.189513110E-02
 2.186138928E-02
 2.175303735E-02
 2.159243636E-02
 2.140429057E-02
 2.120997757E-02
 2.102509141E-02
 2.085961588E-02
 2.071885020E-02
 2.060452476E-02
 2.051590383E-02
 2.045069449E-02
 2.040574327E-02
 2.037755027E-02
 2.036260441E-02
 2.035753801E-02
 2.035943232E-02
 2.036703005E-02
 2.038113214E-02
 2.038789913E-02
 2.218170092E-02
 2.217005938E-02
 2.214639634E-02
 2.211917751E-02
 2.208438702E-02
 2.204198390E-02
 2.199295722E-02
 2.193824388E-02
 2.187943086E-02
 2.181794494E-02
 2.174958959E-02
 2.157791331E-02
 2.146343701E-02
 2.141266130E-02
 2.141033299E-02
 2.144183218E-02
 2.149144746E-02
 2.154779993E-02
 2.160347253E-02
 2.165287547E-02
 2.169123664E-02
 2.175875939E-02
 2.180673741E-02
 2.175870724E-02
 2.165047824E-02
 2.149994858E-02
 2.132731676E-02
 2.115038596E-02
 2.098215558E-02
 2.083097585E-02
 2.070130780E-02
 2.059467882E-02
 2.051057853E-02
 2.044723555E-02
 2.040219307E-02
 2.037275024E-02
 2.035622299E-02
 2.035002969E-02
 2.035203762E-02
 2.036216855E-02
 2.038240619E-02
 2.039219067E-02
 2.239902131E-02
 2.237157524E-02
 2.231587097E-02
 2.226639725E-02
 2.221434191E-02
 2.215781622E-02
 2.209778316E-02
 2.203523181E-02
 2.197146975E-02
 2.190711908E-02
 2.183647826E-02
 2.167031169E-02
 2.156162262E-02
 2.150617354E-02
 2.149166167E-02
 2.150655724E-02
 2.153767459E-02
 2.157548815E-02
 2.161385119E-02
 2.164730988E-02
 2.166947909E-02
 2.171399631E-02
 2.174002305E-02
 2.167933248E-02
 2.156862803E-02
 2.142279409E-02
 2.125876024E-02
 2.109184302E-02
 2.093325928E-02
 2.079023421E-02
 2.066666819E-02
 2.056394517E-02
 2.048171312E-02
 2.041854151E-02
 2.037243545E-02
 2.034120820E-02
 2.032270469E-02
 2.031484805E-02
 2.031596564E-02
 2.032651380E-02
 2.034891024E-02
 2.035981044E-02
 2.265488729E-02
 2.260807715E-02
 2.251320705E-02
 2.243584022E-02
 2.236123011E-02
 2.228534408E-02
 2.220932581E-02
 2.213430591E-02
 2.206146903E-02
 2.199038863E-02
 2.191273496E-02
 2.174413018E-02
 2.163982205E-02
 2.158004604E-02
 2.155576274E-02
 2.155764960E-02
 2.157420479E-02
 2.159728482E-02
 2.162174881E-02
 2.164207026E-02
 2.165069059E-02
 2.167726681E-02
 2.168547176E-02
 2.161333710E-02
 2.149851248E-02
 2.135383710E-02
 2.119376697E-02
 2.103179693E-02
 2.087786607E-02
 2.073840052E-02
 2.061688714E-02
 2.051460929E-02
 2.043133043E-02
 2.036587708E-02
 2.031659894E-02
 2.028169297E-02
 2.025939152E-02
 2.024798840E-02
 2.024615183E-02
 2.025449835E-02
 2.027515136E-02
 2.028526366E-02
 2.292399667E-02
 2.285463735E-02
 2.271426283E-02
 2.260429785E-02
 2.250296436E-02
 2.240374871E-02
 2.230802551E-02
 2.221714891E-02
 2.213217132E-02
 2.205139399E-02
 2.196349204E-02
 2.178883366E-02
 2.168861963E-02
 2.162590250E-02
 2.159504965E-02
 2.158826590E-02
 2.159501240E-02
 2.160807140E-02
 2.162299119E-02
 2.163408138E-02
 2.163262479E-02
 2.164591663E-02
 2.164186351E-02
 2.156076394E-02
 2.144132182E-02
 2.129520290E-02
 2.113507688E-02
 2.097326145E-02
 2.081893012E-02
 2.067807689E-02
 2.055401541E-02
 2.044804394E-02
 2.036007680E-02
 2.028916962E-02
 2.023394406E-02
 2.019286714E-02
 2.016443573E-02
 2.014721930E-02
 2.014015988E-02
 2.014377527E-02
 2.015913650E-02
 2.016669698E-02
 2.317882329E-02
 2.308341861E-02
 2.289060131E-02
 2.274355479E-02
 2.261207253E-02
 2.248662710E-02
 2.236881107E-02
 2.226016670E-02
 2.216153592E-02
 2.206972986E-02
 2.197015472E-02
 2.178902924E-02
 2.169452608E-02
 2.163198777E-02
 2.159903757E-02
 2.158893272E-02
 2.159151435E-02
 2.160007320E-02
 2.161058970E-02
 2.161709592E-02
 2.160964161E-02
 2.161525376E-02
 2.160615847E-02
 2.152002230E-02
 2.139676735E-02
 2.124769241E-02
 2.108431607E-02
 2.091839164E-02
 2.075886540E-02
 2.061169595E-02
 2.048030682E-02
 2.036619186E-02
 2.026947215E-02
 2.018944360E-02
 2.012494951E-02
 2.007466555E-02
 2.003727295E-02
 2.001156285E-02
 1.999675483E-02
 1.999306865E-02
 1.999975741E-02
 2.000306547E-02
 2.338474616E-02
 2.325928956E-02
 2.300608344E-02
 2.281750180E-02
 2.265312150E-02
 2.249960788E-02
 2.235863730E-02
 2.223185822E-02
 2.211973630E-02
 2.201735415E-02
 2.190675586E-02
 2.172259986E-02
 2.163792588E-02
 2.158067003E-02
 2.155155316E-02
 2.154463530E-02
 2.154972404E-02
 2.156034112E-02
 2.157264389E-02
 2.158024721E-02
 2.157171443E-02
 2.157659829E-02
 2.157175913E-02
 2.148656733E-02
 2.136233635E-02
 2.121058479E-02
 2.104224265E-02
 2.086902969E-02
 2.070021443E-02
 2.054213919E-02
 2.039866522E-02
 2.027168684E-02
 2.016169578E-02
 2.006828226E-02
 1.999053545E-02
 1.992733032E-02
 1.987751015E-02
 1.984008960E-02
 1.981460303E-02
 1.980082877E-02
 1.979537122E-02
 1.979266107E-02
 2.349353768E-02
 2.333367616E-02
 2.301147021E-02
 2.277731709E-02
 2.257835120E-02
 2.239635028E-02
 2.223285846E-02
 2.208943665E-02
 2.196591161E-02
 2.185541578E-02
 2.173666470E-02
 2.155665308E-02
 2.148853987E-02
 2.144377492E-02
 2.142619528E-02
 2.143050916E-02
 2.144630626E-02
 2.146709152E-02
 2.148905396E-02
 2.150509693E-02
 2.150190808E-02
 2.151535824E-02
 2.152724005E-02
 2.145224996E-02
 2.133298106E-02
 2.118157223E-02
 2.100883238E-02
 2.082688734E-02
 2.064583451E-02
 2.047289349E-02
 2.031274512E-02
 2.016798407E-02
 2.003970183E-02
 1.992793567E-02
 1.983212680E-02
 1.975139976E-02
 1.968479902E-02
 1.963162981E-02
 1.959185116E-02
 1.956468076E-02
 1.954313181E-02
 1.953238621E-02
 2.343551442E-02
 2.323713340E-02
 2.283782884E-02
 2.255549282E-02
 2.232217789E-02
 2.211343683E-02
 2.193036489E-02
 2.177413926E-02
 2.164362930E-02
 2.152975649E-02
 2.140816301E-02
 2.124293335E-02
 2.120048925E-02
 2.117754519E-02
 2.118116617E-02
 2.120665833E-02
 2.124339156E-02
 2.128470130E-02
 2.132656053E-02
 2.136090957E-02
 2.137194201E-02
 2.140701376E-02
 2.145287208E-02
 2.140231244E-02
 2.129870094E-02
 2.115487866E-02
 2.098178864E-02
 2.079240419E-02
 2.059812658E-02
 2.040757984E-02
 2.022674121E-02
 2.005932480E-02
 1.990731619E-02
 1.977148280E-02
 1.965180039E-02
 1.954779588E-02
 1.945883781E-02
 1.938465238E-02
 1.932582445E-02
 1.928097196E-02
 1.923836954E-02
 1.921704970E-02
 2.311038226E-02
 2.287065797E-02
 2.238877863E-02
 2.205861919E-02
 2.179433405E-02
 2.156379633E-02
 2.136720717E-02
 2.120502666E-02
 2.107472159E-02
 2.096488327E-02
 2.084858343E-02
 2.071221545E-02
 2.070597559E-02
 2.071571909E-02
 2.075189538E-02
 2.081056498E-02
 2.088093385E-02
 2.095603943E-02
 2.103135921E-02
 2.109741047E-02
 2.113519982E-02
 2.121015638E-02
 2.131386288E-02
 2.130935155E-02
 2.123942785E-02
 2.111714333E-02
 2.095350437E-02
 2.076255716E-02
 2.055745013E-02
 2.034878917E-02
 2.014443837E-02
 1.994982734E-02
 1.976833679E-02
 1.960185356E-02
 1.945124567E-02
 1.931670681E-02
 1.919814758E-02
 1.909596659E-02
 1.901168749E-02
 1.894333586E-02
 1.887307316E-02
 1.883779839E-02
 2.238035388E-02
 2.209910005E-02
 2.153448388E-02
 2.116200328E-02
 2.087501809E-02
 2.063212357E-02
 2.043212391E-02
 2.027430572E-02
 2.015442029E-02
 2.005886659E-02
 1.995896921E-02
 1.986705698E-02
 1.990689151E-02
 1.995995827E-02
 2.004010975E-02
 2.014469914E-02
 2.026332915E-02
 2.038858645E-02
 2.051512897E-02
 2.063124254E-02
 2.071368881E-02
 2.085416019E-02
 2.104825526E-02
 2.112202905E-02
 2.111513726E-02
 2.103942446E-02
 2.090532146E-02
 2.072766237E-02
 2.052142471E-02
 2.029960789E-02
 2.007256076E-02
 1.984808221E-02
 1.963170245E-02
 1.942712069E-02
 1.923671179E-02
 1.906192116E-02
 1.890370063E-02
 1.876359619E-02
 1.864464954E-02
 1.854429021E-02
 1.843655668E-02
 1.838231459E-02
 2.107244730E-02
 2.074992657E-02
 2.010330372E-02
 1.969710551E-02
 1.939968206E-02
 1.915759221E-02
 1.896743849E-02
 1.882703044E-02
 1.873032749E-02
 1.866209693E-02
 1.859274320E-02
 1.856125519E-02
 1.865558326E-02
 1.876258105E-02
 1.889750734E-02
 1.906019822E-02
 1.924187504E-02
 1.943507977E-02
 1.963332295E-02
 1.982178353E-02
 1.997389272E-02
 2.022455819E-02
 2.055534907E-02
 2.075502649E-02
 2.085610665E-02
 2.086718939E-02
 2.079733647E-02
 2.066167444E-02
 2.047686093E-02
 2.025835030E-02
 2.001925185E-02
 1.977005601E-02
 1.951882243E-02
 1.927161217E-02
 1.903288253E-02
 1.880599000E-02
 1.859377697E-02
 1.840002835E-02
 1.823062077E-02
 1.808280498E-02
 1.791923121E-02
 1.783666387E-02
 1.899651997E-02
 1.863238961E-02
 1.790327951E-02
 1.747511141E-02
 1.718720235E-02
 1.697037369E-02
 1.681463048E-02
 1.671233214E-02
 1.665299758E-02
 1.661939919E-02
 1.658190042E-02
 1.659072191E-02
 1.673513837E-02
 1.691616327E-02
 1.712890714E-02
 1.737437770E-02
 1.764570735E-02
 1.793468557E-02
 1.823248900E-02
 1.851780526E-02
 1.875932328E-02
 1.917050593E-02
 1.970340312E-02
 2.009652741E-02
 2.036590129E-02
 2.051311918E-02
 2.054491080E-02
 2.047709562E-02
 2.032925189E-02
 2.012114227E-02
 1.987076551E-02
 1.959356666E-02
 1.930205896E-02
 1.900620759E-02
 1.871365868E-02
 1.843023300E-02
 1.816059090E-02
 1.791031286E-02
 1.768730767E-02
 1.748599112E-02
 1.725170016E-02
 1.713316515E-02
 1.657141000E-02
 1.626598276E-02
 1.565482654E-02
 1.535764057E-02
 1.513099764E-02
 1.494840626E-02
 1.481911168E-02
 1.473598555E-02
 1.468708459E-02
 1.466824394E-02
 1.470172405E-02
 1.472945884E-02
 1.480131131E-02
 1.498723682E-02
 1.521248557E-02
 1.548217516E-02
 1.579360291E-02
 1.613974757E-02
 1.651479118E-02
 1.690012217E-02
 1.723846607E-02
 1.776205748E-02
 1.846356504E-02
 1.904136129E-02
 1.950155385E-02
 1.982810162E-02
 2.001804672E-02
 2.008181252E-02
 2.003637329E-02
 1.990147866E-02
 1.969627105E-02
 1.943843625E-02
 1.914306358E-02
 1.882267743E-02
 1.848763227E-02
 1.814633422E-02
 1.780612580E-02
 1.747628115E-02
 1.717015728E-02
 1.688208617E-02
 1.653633080E-02
 1.636092365E-02
 1.544545032E-02
 1.508045662E-02
 1.435018703E-02
 1.398712210E-02
 1.372525468E-02
 1.351934858E-02
 1.337363757E-02
 1.327752043E-02
 1.321585570E-02
 1.318648830E-02
 1.322754100E-02
 1.327620354E-02
 1.326823421E-02
 1.338356640E-02
 1.354516391E-02
 1.376388688E-02
 1.404362358E-02
 1.437998563E-02
 1.476719975E-02
 1.518632378E-02
 1.558405720E-02
 1.618128456E-02
 1.702944003E-02
 1.779042743E-02
 1.845398359E-02
 1.899125241E-02
 1.938486472E-02
 1.963243075E-02
 1.974153332E-02
 1.972568035E-02
 1.960116439E-02
 1.938513108E-02
 1.909438334E-02
 1.874439046E-02
 1.834953204E-02
 1.792272553E-02
 1.747634448E-02
 1.702605747E-02
 1.659370773E-02
 1.617451198E-02
 1.566478796E-02
 1.540538017E-02
 1.395234279E-02
 1.356377918E-02
 1.278645545E-02
 1.239133067E-02
 1.211323030E-02
 1.189533435E-02
 1.173733734E-02
 1.162632927E-02
 1.154496707E-02
 1.149097644E-02
 1.150342356E-02
 1.148603298E-02
 1.138724387E-02
 1.141110994E-02
 1.148682181E-02
 1.163083594E-02
 1.185364369E-02
 1.215495169E-02
 1.253055036E-02
 1.296404935E-02
 1.340925042E-02
 1.406647731E-02
 1.503737830E-02
 1.598028466E-02
 1.685618609E-02
 1.762304455E-02
 1.825011335E-02
 1.872223988E-02
 1.903608255E-02
 1.919653639E-02
 1.921394095E-02
 1.910119317E-02
 1.887279004E-02
 1.854331419E-02
 1.812754758E-02
 1.763999276E-02
 1.709583774E-02
 1.651656628E-02
 1.593380049E-02
 1.534244977E-02
 1.460014004E-02
 1.422123704E-02
 1.208648086E-02
 1.168395765E-02
 1.087883580E-02
 1.046103425E-02
 1.016777474E-02
 9.934176691E-03
 9.757055901E-03
 9.621964768E-03
 9.510080330E-03
 9.418413043E-03
 9.383021854E-03
 9.283423424E-03
 9.059094824E-03
 8.947415277E-03
 8.890629746E-03
 8.911736310E-03
 9.029225446E-03
 9.249191731E-03
 9.571059607E-03
 9.983163327E-03
 1.045141835E-02
 1.115627959E-02
 1.221731398E-02
 1.333475020E-02
 1.444069669E-02
 1.547757257E-02
 1.639955677E-02
 1.717510819E-02
 1.778526977E-02
 1.822110638E-02
 1.848100871E-02
 1.856815256E-02
 1.848936640E-02
 1.825350896E-02
 1.787152328E-02
 1.735590585E-02
 1.672222093E-02
 1.599721052E-02
 1.522442885E-02
 1.439747866E-02
 1.331994217E-02
 1.276837382E-02
 9.789696895E-03
 9.377195500E-03
 8.552270941E-03
 8.112525567E-03
 7.801302709E-03
 7.547064219E-03
 7.343327161E-03
 7.174130995E-03
 7.019100711E-03
 6.873637903E-03
 6.769925356E-03
 6.564909592E-03
 6.171438843E-03
 5.868315231E-03
 5.617862102E-03
 5.451447330E-03
 5.397561472E-03
 5.471026991E-03
 5.677147303E-03
 6.011805497E-03
 6.458084099E-03
 7.164995652E-03
 8.261499926E-03
 9.521113709E-03
 1.085154898E-02
 1.218062919E-02
 1.344809681E-02
 1.460489538E-02
 1.561370771E-02
 1.644691080E-02
 1.708507724E-02
 1.751467399E-02
 1.772669517E-02
 1.771561615E-02
 1.747983508E-02
 1.702124439E-02
 1.634782366E-02
 1.548641175E-02
 1.449174155E-02
 1.336233504E-02
 1.179544721E-02
 1.099125762E-02
 6.979752798E-03
 6.558808498E-03
 5.717182066E-03
 5.263588857E-03
 4.933342338E-03
 4.654810298E-03
 4.417803138E-03
 4.204159137E-03
 3.991710022E-03
 3.773477627E-03
 3.576191608E-03
 3.232280025E-03
 2.617123071E-03
 2.058746526E-03
 1.541427802E-03
 1.106971176E-03
 7.958302158E-04
 6.340397522E-04
 6.359490799E-04
 8.085651789E-04
 1.158141997E-03
 1.783081330E-03
 2.821262926E-03
 4.146109335E-03
 5.650500301E-03
 7.253001910E-03
 8.883559145E-03
 1.047869772E-02
 1.198268961E-02
 1.334771886E-02
 1.453171577E-02
 1.549710985E-02
 1.620918140E-02
 1.663572527E-02
 1.674771309E-02
 1.652004384E-02
 1.593625359E-02
 1.500811335E-02
 1.379151363E-02
 1.226474997E-02
 1.001818292E-02
 8.862261660E-03
 3.558993805E-03
 3.136074636E-03
 2.290711273E-03
 1.819965546E-03
 1.469122362E-03
 1.163602807E-03
 8.876837092E-04
 6.204113597E-04
 3.374817024E-04
 2.673228482E-05
 -2.902090782E-04
 -8.144652820E-04
 -1.699172077E-03
 -2.580862725E-03
 -3.446987830E-03
 -4.243325442E-03
 -4.916113336E-03
 -5.425426643E-03
 -5.744752474E-03
 -5.852003116E-03
 -5.715857260E-03
 -5.294823553E-03
 -4.455576185E-03
 -3.200011561E-03
 -1.635272405E-03
 1.545587875E-04
 2.101158490E-03
 4.135518335E-03
 6.190057378E-03
 8.200571872E-03
 1.010345574E-02
 1.183377858E-02
 1.332330238E-02
 1.449919306E-02
 1.528498624E-02
 1.560229156E-02
 1.537857577E-02
 1.457763370E-02
 1.322526485E-02
 1.123639476E-02
 8.027750067E-03
 6.372905336E-03
 -5.747331306E-04
 -9.975837311E-04
 -1.842568861E-03
 -2.326392801E-03
 -2.693862421E-03
 -3.025483340E-03
 -3.340730909E-03
 -3.664608579E-03
 -4.025707953E-03
 -4.440465011E-03
 -4.898997955E-03
 -5.630430300E-03
 -6.828837562E-03
 -8.093939163E-03
 -9.387450293E-03
 -1.064147055E-02
 -1.178802829E-02
 -1.277159061E-02
 -1.355051342E-02
 -1.408409979E-02
 -1.431239955E-02
 -1.426161081E-02
 -1.380306669E-02
 -1.281137578E-02
 -1.138094906E-02
 -9.578350000E-03
 -7.460595109E-03
 -5.088522099E-03
 -2.525393385E-03
 1.628828322E-04
 2.901427215E-03
 5.608203821E-03
 8.182798512E-03
 1.050502621E-02
 1.243205275E-02
 1.379833370E-02
 1.442624163E-02
 1.417208835E-02
 1.296174712E-02
 1.055845618E-02
 6.028299220E-03
 3.686680691E-03
 -5.519866012E-03
 -5.943237804E-03
 -6.788990926E-03
 -7.283651736E-03
 -7.662986405E-03
 -8.009663783E-03
 -8.350003511E-03
 -8.715879172E-03
 -9.142556228E-03
 -9.655053727E-03
 -1.025718544E-02
 -1.120964997E-02
 -1.272075996E-02
 -1.439882908E-02
 -1.617204957E-02
 -1.795815304E-02
 -1.967514865E-02
 -2.125118114E-02
 -2.262734808E-02
 -2.374212630E-02
 -2.450906858E-02
 -2.501264215E-02
 -2.512670681E-02
 -2.462472394E-02
 -2.358321100E-02
 -2.203406580E-02
 -2.000731230E-02
 -1.753745228E-02
 -1.466247812E-02
 -1.142633893E-02
 -7.884909399E-03
 -4.113913979E-03
 -2.189281076E-04
 3.645858727E-03
 7.275118958E-03
 1.038946118E-02
 1.264768094E-02
 1.370976027E-02
 1.327901427E-02
 1.073544379E-02
 4.511491396E-03
 1.287629013E-03
 -1.135469228E-02
 -1.179219224E-02
 -1.266585104E-02
 -1.318204124E-02
 -1.355435327E-02
 -1.387928519E-02
 -1.419501845E-02
 -1.454634778E-02
 -1.498125680E-02
 -1.553895231E-02
 -1.624217816E-02
 -1.736100577E-02
 -1.913250051E-02
 -2.118980512E-02
 -2.343516052E-02
 -2.577153780E-02
 -2.810359746E-02
 -3.034329601E-02
 -3.241295367E-02
 -3.423029557E-02
 -3.568936139E-02
 -3.690066189E-02
 -3.772916272E-02
 -3.792208061E-02
 -3.750393540E-02
 -3.650722280E-02
 -3.490601107E-02
 -3.269455582E-02
 -2.986647747E-02
 -2.641548030E-02
 -2.234348468E-02
 -1.767232455E-02
 -1.246199757E-02
 -6.836697459E-03
 -1.017516130E-03
 4.625142086E-03
 9.547609836E-03
 1.312930044E-02
 1.467601210E-02
 1.280282624E-02
 4.671372008E-03
 4.512259038E-04
 -1.814602315E-02
 -1.865160838E-02
 -1.966082118E-02
 -2.020613663E-02
 -2.051521279E-02
 -2.071571723E-02
 -2.087363601E-02
 -2.106186561E-02
 -2.135471255E-02
 -2.181523293E-02
 -2.249222808E-02
 -2.363847569E-02
 -2.551237866E-02
 -2.781720273E-02
 -3.043239936E-02
 -3.324460611E-02
 -3.614447266E-02
 -3.902766854E-02
 -4.179678485E-02
 -4.434878007E-02
 -4.657052085E-02
 -4.854217544E-02
 -5.008740723E-02
 -5.103500932E-02
 -5.140238628E-02
 -5.114952475E-02
 -5.024788901E-02
 -4.864281043E-02
 -4.627091065E-02
 -4.305930436E-02
 -3.892824426E-02
 -3.380147368E-02
 -2.762498707E-02
 -2.040279470E-02
 -1.225530356E-02
 -3.512049327E-03
 5.176768173E-03
 1.285113022E-02
 1.826431789E-02
 1.879528537E-02
 9.275781922E-03
 4.326252267E-03
 -2.600104921E-02
 -2.672536485E-02
 -2.817054838E-02
 -2.874045633E-02
 -2.882364206E-02
 -2.863977291E-02
 -2.832820266E-02
 -2.802389301E-02
 -2.785340883E-02
 -2.791942656E-02
 -2.830358595E-02
 -2.920223959E-02
 -3.089895286E-02
 -3.320548311E-02
 -3.597760201E-02
 -3.908016160E-02
 -4.238592461E-02
 -4.577183351E-02
 -4.911863804E-02
 -5.230192468E-02
 -5.521370471E-02
 -5.783526972E-02
 -5.991039798E-02
 -6.146605685E-02
 -6.251197308E-02
 -6.300020218E-02
 -6.285970658E-02
 -6.200240552E-02
 -6.031822413E-02
 -5.766990036E-02
 -5.389068276E-02
 -4.878927022E-02
 -4.216015339E-02
 -3.381067142E-02
 -2.362262458E-02
 -1.167547889E-02
 1.555351424E-03
 1.501470339E-02
 2.684012428E-02
 3.271217644E-02
 2.444264665E-02
 2.013579383E-02
 -3.554936871E-02
 -3.677209467E-02
 -3.921051696E-02
 -3.953576460E-02
 -3.872204944E-02
 -3.736191243E-02
 -3.583769500E-02
 -3.438929468E-02
 -3.321078420E-02
 -3.244094551E-02
 -3.218447790E-02
 -3.255964071E-02
 -3.379299492E-02
 -3.584744409E-02
 -3.855560720E-02
 -4.174656421E-02
 -4.526448995E-02
 -4.896134511E-02
 -5.269155279E-02
 -5.630683154E-02
 -5.970812589E-02
 -6.272241473E-02
 -6.497681886E-02
 -6.679923832E-02
 -6.821238995E-02
 -6.915246695E-02
 -6.952748448E-02
 -6.922147423E-02
 -6.808514893E-02
 -6.592397392E-02
 -6.249002367E-02
 -5.747846887E-02
 -5.052669719E-02
 -4.122822359E-02
 -2.917545475E-02
 -1.405848283E-02
 4.212542437E-03
 2.511357330E-02
 4.658743739E-02
 6.245428696E-02
 6.260439754E-02
 6.268271804E-02
 -5.249018967E-02
 -5.449163914E-02
 -5.848081410E-02
 -5.678313598E-02
 -5.257720873E-02
 -4.798040912E-02
 -4.353659600E-02
 -3.962988406E-02
 -3.642705455E-02
 -3.405163437E-02
 -3.260638192E-02
 -3.216547891E-02
 -3.254734725E-02
 -3.408957645E-02
 -3.648893908E-02
 -3.955043480E-02
 -4.307078943E-02
 -4.686794057E-02
 -5.076596886E-02
 -5.458927900E-02
 -5.823115632E-02
 -6.129007787E-02
 -6.335724145E-02
 -6.509470195E-02
 -6.652864069E-02
 -6.757815182E-02
 -6.813046336E-02
 -6.804380566E-02
 -6.712938845E-02
 -6.513422728E-02
 -6.170682609E-02
 -5.641676858E-02
 -4.869849607E-02
 -3.789511696E-02
 -2.311825566E-02
 -3.582139034E-03
 2.152249590E-02
 5.283241346E-02
 8.922030777E-02
 1.236539111E-01
 1.482634097E-01
 1.611180753E-01
 -9.397917986E-02
 -8.728303760E-02
 -7.394459844E-02
 -6.507515162E-02
 -5.769284442E-02
 -5.097471550E-02
 -4.498234019E-02
 -3.980266303E-02
 -3.559257463E-02
 -3.241685033E-02
 -3.031477332E-02
 -2.926914580E-02
 -2.925314382E-02
 -3.044683486E-02
 -3.260537609E-02
 -3.549507633E-02
 -3.886118531E-02
 -4.249454662E-02
 -4.619491845E-02
 -4.977335408E-02
 -5.309946463E-02
 -5.550324172E-02
 -5.693777278E-02
 -5.814792961E-02
 -5.909863114E-02
 -5.969499424E-02
 -5.981128290E-02
 -5.927829072E-02
 -5.786155164E-02
 -5.523914099E-02
 -5.098855123E-02
 -4.450063407E-02
 -3.497911617E-02
 -2.132905833E-02
 -2.143911552E-03
 2.440457791E-02
 6.059301645E-02
 1.087177023E-01
 1.695838273E-01
 2.403378487E-01
 3.257968426E-01
 3.704913557E-01
 -3.854642808E-01
 -3.340020478E-01
 -2.315577120E-01
 -1.567291170E-01
 -1.072003916E-01
 -7.386969775E-02
 -5.110445246E-02
 -3.555706888E-02
 -2.512119524E-02
 -1.832932793E-02
 -1.414310187E-02
 -1.222037617E-02
 -1.268491335E-02
 -1.445749588E-02
 -1.715418883E-02
 -2.051210403E-02
 -2.431194857E-02
 -2.833535895E-02
 -3.238061816E-02
 -3.628164157E-02
 -3.985101357E-02
 -4.172303155E-02
 -4.359826073E-02
 -4.553444311E-02
 -4.714758322E-02
 -4.839780554E-02
 -4.922267050E-02
 -4.946874455E-02
 -4.890572280E-02
 -4.720537737E-02
 -4.389850423E-02
 -3.830918670E-02
 -2.946307510E-02
 -1.593896747E-02
 4.381960258E-03
 3.478592634E-02
 8.051688224E-02
 1.502911896E-01
 2.570474446E-01
 4.114191234E-01
 6.136992574E-01
 7.196041942E-01
 -5.381134748E-01
 -4.631982446E-01
 -3.140453100E-01
 -2.046691924E-01
 -1.330808401E-01
 -8.583147824E-02
 -5.430123955E-02
 -3.334137425E-02
 -1.965940185E-02
 -1.098540798E-02
 -5.717283580E-03
 -3.342820564E-03
 -4.063032102E-03
 -6.141950842E-03
 -9.123285301E-03
 -1.272905711E-02
 -1.675846055E-02
 -2.098839544E-02
 -2.521644346E-02
 -2.928841859E-02
 -3.298738599E-02
 -3.458687663E-02
 -3.669257462E-02
 -3.900676221E-02
 -4.096479341E-02
 -4.255530611E-02
 -4.374859110E-02
 -4.439933226E-02
 -4.427932948E-02
 -4.305705056E-02
 -4.023912176E-02
 -3.511513397E-02
 -2.661892585E-02
 -1.316131372E-02
 7.742879912E-03
 4.012895748E-02
 9.076388180E-02
 1.716560572E-01
 3.019572794E-01
 4.991823733E-01
 7.612406015E-01
 8.984785080E-01
