 9.999976754E-01
 1.010249138E+00
 1.031151175E+00
 1.052865744E+00
 1.075405240E+00
 1.098777890E+00
 1.122984886E+00
 1.148019195E+00
 1.173859596E+00
 1.200459838E+00
 1.227727056E+00
 1.289044619E+00
 1.372694492E+00
 1.443289399E+00
 1.502236247E+00
 1.551261544E+00
 1.592037439E+00
 1.626046896E+00
 1.654542804E+00
 1.678550720E+00
 1.698896050E+00
 1.731790781E+00
 1.772085786E+00
 1.804479599E+00
 1.831218362E+00
 1.853794813E+00
 1.873208642E+00
 1.890136242E+00
 1.905045390E+00
 1.918269515E+00
 1.930055380E+00
 1.940593362E+00
 1.950035453E+00
 1.958507180E+00
 1.966115355E+00
 1.972952485E+00
 1.979098916E+00
 1.984626293E+00
 1.989597917E+00
 1.994070649E+00
 1.998095036E+00
 2.000005007E+00
 1.000000000E+00
 1.010441184E+00
 1.031717658E+00
 1.053788662E+00
 1.076666117E+00
 1.100357890E+00
 1.124865890E+00
 1.150184751E+00
 1.176298141E+00
 1.203172803E+00
 1.230747700E+00
 1.291507840E+00
 1.374773741E+00
 1.444987655E+00
 1.503623962E+00
 1.552406788E+00
 1.592997432E+00
 1.626868486E+00
 1.655263662E+00
 1.679201961E+00
 1.699503541E+00
 1.732142568E+00
 1.772028565E+00
 1.804148674E+00
 1.830694079E+00
 1.853131056E+00
 1.872443676E+00
 1.889299631E+00
 1.904161215E+00
 1.917358756E+00
 1.929136872E+00
 1.939684510E+00
 1.949152827E+00
 1.957666874E+00
 1.965333223E+00
 1.972244143E+00
 1.978480577E+00
 1.984114408E+00
 1.989209771E+00
 1.993824244E+00
 1.998009682E+00
 2.000000000E+00
 1.000000000E+00
 1.010834932E+00
 1.032878757E+00
 1.055680037E+00
 1.079249620E+00
 1.103595018E+00
 1.128719211E+00
 1.154620409E+00
 1.181292534E+00
 1.208728671E+00
 1.236933351E+00
 1.296552539E+00
 1.379033089E+00
 1.448467255E+00
 1.506467819E+00
 1.554753900E+00
 1.594965100E+00
 1.628552556E+00
 1.656741500E+00
 1.680537105E+00
 1.700748801E+00
 1.732863784E+00
 1.771911144E+00
 1.803469539E+00
 1.829617977E+00
 1.851768136E+00
 1.870872855E+00
 1.887581348E+00
 1.902345061E+00
 1.915487766E+00
 1.927249908E+00
 1.937817335E+00
 1.947339654E+00
 1.955940843E+00
 1.963726759E+00
 1.970789671E+00
 1.977211118E+00
 1.983063817E+00
 1.988413334E+00
 1.993318915E+00
 1.997834563E+00
 2.000000000E+00
 1.000000000E+00
 1.011304498E+00
 1.034266353E+00
 1.057947397E+00
 1.082357526E+00
 1.107502937E+00
 1.133384705E+00
 1.159998536E+00
 1.187333584E+00
 1.215371609E+00
 1.244084477E+00
 1.303319573E+00
 1.385014415E+00
 1.453731298E+00
 1.511095524E+00
 1.558832526E+00
 1.598580122E+00
 1.631783366E+00
 1.659660578E+00
 1.683208942E+00
 1.703230143E+00
 1.734616876E+00
 1.772584081E+00
 1.803367496E+00
 1.828950644E+00
 1.850683928E+00
 1.869481921E+00
 1.885968804E+00
 1.900579810E+00
 1.913627625E+00
 1.925345182E+00
 1.935913205E+00
 1.945477247E+00
 1.954158902E+00
 1.962062359E+00
 1.969279170E+00
 1.975890636E+00
 1.981969953E+00
 1.987583637E+00
 1.992792368E+00
 1.997652292E+00
 2.000000000E+00
 1.000000000E+00
 1.011858344E+00
 1.035905004E+00
 1.060630202E+00
 1.086042166E+00
 1.112144113E+00
 1.138933420E+00
 1.166400194E+00
 1.194525957E+00
 1.223281860E+00
 1.252625465E+00
 1.311793327E+00
 1.392773390E+00
 1.460799575E+00
 1.517501354E+00
 1.564622879E+00
 1.603815675E+00
 1.636531591E+00
 1.663990140E+00
 1.687186360E+00
 1.706916213E+00
 1.737390995E+00
 1.774044394E+00
 1.803852677E+00
 1.828708887E+00
 1.849897861E+00
 1.868290305E+00
 1.884479761E+00
 1.898880601E+00
 1.911790609E+00
 1.923432350E+00
 1.933978796E+00
 1.943570018E+00
 1.952323794E+00
 1.960341454E+00
 1.967712998E+00
 1.974518776E+00
 1.980832100E+00
 1.986719966E+00
 1.992244244E+00
 1.997462511E+00
 2.000000000E+00
 1.000000000E+00
 1.012505054E+00
 1.037819624E+00
 1.063768148E+00
 1.090356827E+00
 1.117585182E+00
 1.145445347E+00
 1.173920870E+00
 1.202984929E+00
 1.232599258E+00
 1.262711167E+00
 1.322001338E+00
 1.402335167E+00
 1.469668984E+00
 1.525658607E+00
 1.572082996E+00
 1.610620618E+00
 1.642740846E+00
 1.669671297E+00
 1.692409277E+00
 1.711747527E+00
 1.741138458E+00
 1.776257753E+00
 1.804905057E+00
 1.828882217E+00
 1.849406123E+00
 1.867297530E+00
 1.883115172E+00
 1.897248387E+00
 1.909977198E+00
 1.921510935E+00
 1.932012796E+00
 1.941615939E+00
 1.950432658E+00
 1.958560824E+00
 1.966087818E+00
 1.973092556E+00
 1.979647756E+00
 1.985820413E+00
 1.991673231E+00
 1.997264981E+00
 2.000000000E+00
 1.000000000E+00
 1.013253093E+00
 1.040034294E+00
 1.067400217E+00
 1.095353961E+00
 1.123890877E+00
 1.152996302E+00
 1.182645798E+00
 1.212803245E+00
 1.243419409E+00
 1.274430156E+00
 1.333974004E+00
 1.413697839E+00
 1.480306745E+00
 1.535509348E+00
 1.581136465E+00
 1.618906379E+00
 1.650314331E+00
 1.676602244E+00
 1.698773026E+00
 1.717618465E+00
 1.745762467E+00
 1.779144645E+00
 1.806462288E+00
 1.829422712E+00
 1.849170804E+00
 1.866473317E+00
 1.881850362E+00
 1.895662665E+00
 1.908169508E+00
 1.919564843E+00
 1.930000663E+00
 1.939601541E+00
 1.948473334E+00
 1.956709504E+00
 1.964394093E+00
 1.971603990E+00
 1.978410482E+00
 1.984880447E+00
 1.991076589E+00
 1.997058630E+00
 2.000000000E+00
 1.000000000E+00
 1.014110088E+00
 1.042571902E+00
 1.071562529E+00
 1.101081848E+00
 1.131119013E+00
 1.161651850E+00
 1.192645669E+00
 1.224052429E+00
 1.255810499E+00
 1.287840724E+00
 1.347724795E+00
 1.426826000E+00
 1.492639542E+00
 1.546949983E+00
 1.591656566E+00
 1.628529310E+00
 1.659096837E+00
 1.684620023E+00
 1.706110001E+00
 1.724359035E+00
 1.751100421E+00
 1.782563448E+00
 1.808403730E+00
 1.830228686E+00
 1.849105597E+00
 1.865745187E+00
 1.880623817E+00
 1.894070625E+00
 1.906321764E+00
 1.917554379E+00
 1.927907586E+00
 1.937496185E+00
 1.946419239E+00
 1.954764605E+00
 1.962612391E+00
 1.970037103E+00
 1.977108121E+00
 1.983891249E+00
 1.990449190E+00
 1.996841788E+00
 2.000000000E+00
 1.000000000E+00
 1.015082955E+00
 1.045451760E+00
 1.076285601E+00
 1.107580066E+00
 1.139316797E+00
 1.171463251E+00
 1.203972340E+00
 1.236781597E+00
 1.269813061E+00
 1.302970529E+00
 1.363233805E+00
 1.441637397E+00
 1.506536126E+00
 1.559811234E+00
 1.603444934E+00
 1.639268756E+00
 1.668851495E+00
 1.693476796E+00
 1.714165449E+00
 1.731710434E+00
 1.756900787E+00
 1.786286473E+00
 1.810527444E+00
 1.831123590E+00
 1.849059343E+00
 1.864982605E+00
 1.879322529E+00
 1.892374277E+00
 1.904348969E+00
 1.915405154E+00
 1.925668597E+00
 1.935243726E+00
 1.944221735E+00
 1.952684522E+00
 1.960708261E+00
 1.968363881E+00
 1.975718975E+00
 1.982837915E+00
 1.989782333E+00
 1.996611834E+00
 2.000000000E+00
 1.000000000E+00
 1.016176224E+00
 1.048687100E+00
 1.081590056E+00
 1.114874601E+00
 1.148512959E+00
 1.182459354E+00
 1.216650724E+00
 1.251006484E+00
 1.285429478E+00
 1.319802523E+00
 1.380427361E+00
 1.457981825E+00
 1.521786451E+00
 1.573835015E+00
 1.616206050E+00
 1.650800824E+00
 1.679233074E+00
 1.702812314E+00
 1.722569346E+00
 1.739296913E+00
 1.762796521E+00
 1.789975643E+00
 1.812527061E+00
 1.831831932E+00
 1.848791599E+00
 1.863974452E+00
 1.877761245E+00
 1.890411019E+00
 1.902108550E+00
 1.912993073E+00
 1.923175693E+00
 1.932750344E+00
 1.941799998E+00
 1.950400949E+00
 1.958624482E+00
 1.966538548E+00
 1.974207997E+00
 1.981695414E+00
 1.989061356E+00
 1.996363878E+00
 2.000000000E+00
 1.000000000E+00
 1.017391205E+00
 1.052281618E+00
 1.087480187E+00
 1.122969270E+00
 1.158707976E+00
 1.194633842E+00
 1.230663419E+00
 1.266693830E+00
 1.302604437E+00
 1.338252902E+00
 1.399152398E+00
 1.475615382E+00
 1.538074136E+00
 1.588647723E+00
 1.629520297E+00
 1.662670135E+00
 1.689760804E+00
 1.712127805E+00
 1.730811477E+00
 1.746602535E+00
 1.768282890E+00
 1.793158293E+00
 1.813965559E+00
 1.831971526E+00
 1.847950935E+00
 1.862404108E+00
 1.875657082E+00
 1.887929797E+00
 1.899378896E+00
 1.910122991E+00
 1.920258284E+00
 1.929867864E+00
 1.939026952E+00
 1.947805762E+00
 1.956271529E+00
 1.964488745E+00
 1.972519875E+00
 1.980425358E+00
 1.988263607E+00
 1.996090770E+00
 2.000000000E+00
 1.000000000E+00
 1.018723845E+00
 1.056222916E+00
 1.093935251E+00
 1.131833196E+00
 1.169858813E+00
 1.207927465E+00
 1.245930195E+00
 1.283736348E+00
 1.321197033E+00
 1.358141184E+00
 1.419145226E+00
 1.494170666E+00
 1.554942608E+00
 1.603722572E+00
 1.642809868E+00
 1.674262762E+00
 1.699793696E+00
 1.720763445E+00
 1.738219500E+00
 1.752948284E+00
 1.772694707E+00
 1.795204520E+00
 1.814284682E+00
 1.831005216E+00
 1.846043110E+00
 1.859819174E+00
 1.872599602E+00
 1.884561777E+00
 1.895830750E+00
 1.906503081E+00
 1.916659594E+00
 1.926372528E+00
 1.935709476E+00
 1.944735408E+00
 1.953513622E+00
 1.962105632E+00
 1.970571399E+00
 1.978969216E+00
 1.987354875E+00
 1.995781541E+00
 2.000000000E+00
 1.000000000E+00
 1.020161986E+00
 1.060476065E+00
 1.100897670E+00
 1.141385436E+00
 1.181858897E+00
 1.222204566E+00
 1.262281179E+00
 1.301924229E+00
 1.340951204E+00
 1.379156351E+00
 1.439994216E+00
 1.513105392E+00
 1.571760893E+00
 1.618365288E+00
 1.655331850E+00
 1.684798241E+00
 1.708523989E+00
 1.727892041E+00
 1.743954062E+00
 1.757488608E+00
 1.775211453E+00
 1.795385480E+00
 1.812742233E+00
 1.828229070E+00
 1.842405677E+00
 1.855602264E+00
 1.868020415E+00
 1.879787803E+00
 1.890994549E+00
 1.901712537E+00
 1.912006259E+00
 1.921936750E+00
 1.931564331E+00
 1.940948963E+00
 1.950150490E+00
 1.959228277E+00
 1.968239903E+00
 1.977241278E+00
 1.986285090E+00
 1.995420098E+00
 2.000000000E+00
 1.000000000E+00
 1.021682024E+00
 1.064972878E+00
 1.108257890E+00
 1.151475906E+00
 1.194515944E+00
 1.237227082E+00
 1.279426575E+00
 1.320907235E+00
 1.361446738E+00
 1.400801301E+00
 1.461083651E+00
 1.531698942E+00
 1.587727904E+00
 1.631715178E+00
 1.666182637E+00
 1.693342328E+00
 1.714996576E+00
 1.732545614E+00
 1.747047186E+00
 1.759279370E+00
 1.774941325E+00
 1.792746425E+00
 1.808429003E+00
 1.822766662E+00
 1.836195946E+00
 1.848955035E+00
 1.861168742E+00
 1.872909307E+00
 1.884227037E+00
 1.895166636E+00
 1.905773282E+00
 1.916095734E+00
 1.926186323E+00
 1.936100245E+00
 1.945894122E+00
 1.955624938E+00
 1.965348601E+00
 1.975118160E+00
 1.984982252E+00
 1.994983435E+00
 2.000000000E+00
 1.000000000E+00
 1.023238182E+00
 1.069590092E+00
 1.115822792E+00
 1.161843538E+00
 1.207499146E+00
 1.252589703E+00
 1.296881080E+00
 1.340117931E+00
 1.382036805E+00
 1.422361374E+00
 1.481624007E+00
 1.549055099E+00
 1.601884961E+00
 1.642776608E+00
 1.674343824E+00
 1.698862553E+00
 1.718171477E+00
 1.733688474E+00
 1.746461868E+00
 1.757252932E+00
 1.770788431E+00
 1.786260962E+00
 1.800322533E+00
 1.813602448E+00
 1.826420069E+00
 1.838907003E+00
 1.851107717E+00
 1.863033175E+00
 1.874689102E+00
 1.886087298E+00
 1.897250652E+00
 1.908212304E+00
 1.919014573E+00
 1.929706097E+00
 1.940339565E+00
 1.950969219E+00
 1.961647987E+00
 1.972425342E+00
 1.983344436E+00
 1.994438887E+00
 2.000000000E+00
 1.000000000E+00
 1.024270058E+00
 1.072618961E+00
 1.120776057E+00
 1.168639064E+00
 1.216023922E+00
 1.262689471E+00
 1.308355331E+00
 1.352717042E+00
 1.395459294E+00
 1.436263561E+00
 1.495213628E+00
 1.559833169E+00
 1.609983563E+00
 1.648315787E+00
 1.677486777E+00
 1.699811339E+00
 1.717161417E+00
 1.730948806E+00
 1.742219806E+00
 1.751724958E+00
 1.763528705E+00
 1.777014732E+00
 1.789667964E+00
 1.802024484E+00
 1.814307690E+00
 1.826575398E+00
 1.838812113E+00
 1.850980759E+00
 1.863048434E+00
 1.874997258E+00
 1.886827707E+00
 1.898556828E+00
 1.910215735E+00
 1.921846032E+00
 1.933495879E+00
 1.945217013E+00
 1.957060695E+00
 1.969074130E+00
 1.981297135E+00
 1.993755817E+00
 2.000000000E+00
 1.000000000E+00
 1.024775147E+00
 1.074177742E+00
 1.123401999E+00
 1.172323704E+00
 1.220735192E+00
 1.268367052E+00
 1.314906240E+00
 1.360015750E+00
 1.403351784E+00
 1.444581985E+00
 1.503005266E+00
 1.566066384E+00
 1.614531517E+00
 1.651140213E+00
 1.678601146E+00
 1.699280620E+00
 1.715082645E+00
 1.727437854E+00
 1.737416148E+00
 1.745783091E+00
 1.755982399E+00
 1.767616749E+00
 1.778799176E+00
 1.790042400E+00
 1.801537752E+00
 1.813312054E+00
 1.825320721E+00
 1.837499142E+00
 1.849789381E+00
 1.862151742E+00
 1.874567866E+00
 1.887039781E+00
 1.899586678E+00
 1.912240982E+00
 1.925044537E+00
 1.938044310E+00
 1.951288342E+00
 1.964820504E+00
 1.978676319E+00
 1.992873430E+00
 2.000000000E+00
 1.000000000E+00
 1.025321245E+00
 1.075836658E+00
 1.126182079E+00
 1.176211357E+00
 1.225688577E+00
 1.274310708E+00
 1.321728945E+00
 1.367570043E+00
 1.411458731E+00
 1.453034639E+00
 1.510623217E+00
 1.571809769E+00
 1.618296504E+00
 1.652906895E+00
 1.678404570E+00
 1.697228074E+00
 1.711255312E+00
 1.721967340E+00
 1.730453968E+00
 1.737494826E+00
 1.745883584E+00
 1.755462646E+00
 1.764984488E+00
 1.774931788E+00
 1.785472870E+00
 1.796613932E+00
 1.808290124E+00
 1.820416927E+00
 1.832917571E+00
 1.845734239E+00
 1.858832359E+00
 1.872200131E+00
 1.885844350E+00
 1.899787426E+00
 1.914062023E+00
 1.928707600E+00
 1.943765163E+00
 1.959271431E+00
 1.975254178E+00
 1.991719842E+00
 2.000000000E+00
 1.000000000E+00
 1.025896311E+00
 1.077577233E+00
 1.129088879E+00
 1.180262089E+00
 1.230828285E+00
 1.280446053E+00
 1.328725100E+00
 1.375251532E+00
 1.419612885E+00
 1.461412549E+00
 1.517860413E+00
 1.576804876E+00
 1.620999455E+00
 1.653333306E+00
 1.676677108E+00
 1.693391800E+00
 1.705429912E+00
 1.714291692E+00
 1.721084356E+00
 1.726602912E+00
 1.732994676E+00
 1.740319848E+00
 1.747969151E+00
 1.756397963E+00
 1.765762568E+00
 1.776062250E+00
 1.787225962E+00
 1.799162745E+00
 1.811787367E+00
 1.825033784E+00
 1.838859439E+00
 1.853244185E+00
 1.868187308E+00
 1.883702755E+00
 1.899814367E+00
 1.916550994E+00
 1.933941603E+00
 1.952009678E+00
 1.970767617E+00
 1.990204453E+00
 2.000000000E+00
 1.000000000E+00
 1.026491404E+00
 1.079374552E+00
 1.132081032E+00
 1.184415102E+00
 1.236070752E+00
 1.286661983E+00
 1.335752010E+00
 1.382881165E+00
 1.427595615E+00
 1.469459295E+00
 1.524438143E+00
 1.580747128E+00
 1.622342706E+00
 1.652198553E+00
 1.673142314E+00
 1.687561512E+00
 1.697429538E+00
 1.704261422E+00
 1.709176898E+00
 1.712981820E+00
 1.717216253E+00
 1.722115755E+00
 1.727672338E+00
 1.734322548E+00
 1.742227077E+00
 1.751396418E+00
 1.761772275E+00
 1.773275375E+00
 1.785830021E+00
 1.799378037E+00
 1.813883781E+00
 1.829333067E+00
 1.845729589E+00
 1.863088727E+00
 1.881431103E+00
 1.900776267E+00
 1.921136260E+00
 1.942511201E+00
 1.964883804E+00
 1.988213062E+00
 2.000000000E+00
 1.000000000E+00
 1.027096033E+00
 1.081196070E+00
 1.135101795E+00
 1.188585877E+00
 1.241299033E+00
 1.292805672E+00
 1.342616916E+00
 1.390222788E+00
 1.435126781E+00
 1.476855278E+00
 1.530011415E+00
 1.583288908E+00
 1.622003078E+00
 1.649224401E+00
 1.667614698E+00
 1.679616213E+00
 1.687199712E+00
 1.691881418E+00
 1.694786310E+00
 1.696728349E+00
 1.698679209E+00
 1.701041818E+00
 1.704297423E+00
 1.708879709E+00
 1.714977503E+00
 1.722637177E+00
 1.731831312E+00
 1.742521524E+00
 1.754665732E+00
 1.768235207E+00
 1.783225060E+00
 1.799652457E+00
 1.817549348E+00
 1.836955786E+00
 1.857908249E+00
 1.880428076E+00
 1.904510379E+00
 1.930118918E+00
 1.957182646E+00
 1.985601068E+00
 2.000000000E+00
 1.000000000E+00
 1.027696729E+00
 1.083000302E+00
 1.138077974E+00
 1.192665100E+00
 1.246363163E+00
 1.298680902E+00
 1.349073052E+00
 1.396979213E+00
 1.441860676E+00
 1.483212352E+00
 1.534173131E+00
 1.584049582E+00
 1.619803429E+00
 1.644205213E+00
 1.659993529E+00
 1.669562221E+00
 1.674853563E+00
 1.677366138E+00
 1.678202391E+00
 1.678208828E+00
 1.677864432E+00
 1.677702308E+00
 1.678530335E+00
 1.680763245E+00
 1.684638500E+00
 1.690277219E+00
 1.697744370E+00
 1.707067609E+00
 1.718270659E+00
 1.731372356E+00
 1.746429563E+00
 1.763532281E+00
 1.782777548E+00
 1.804276466E+00
 1.828123212E+00
 1.854375958E+00
 1.883030415E+00
 1.914003134E+00
 1.947129726E+00
 1.982186198E+00
 2.000000000E+00
 1.000000000E+00
 1.028278589E+00
 1.084740043E+00
 1.140925288E+00
 1.196525097E+00
 1.251084805E+00
 1.304052591E+00
 1.354825616E+00
 1.402795076E+00
 1.447388291E+00
 1.488083601E+00
 1.536496878E+00
 1.582762241E+00
 1.615378380E+00
 1.636994123E+00
 1.650280714E+00
 1.657545209E+00
 1.660670996E+00
 1.661213160E+00
 1.660099506E+00
 1.658124208E+00
 1.655574322E+00
 1.653101087E+00
 1.651666641E+00
 1.651440740E+00
 1.652812243E+00
 1.655950069E+00
 1.661002874E+00
 1.668106318E+00
 1.677424192E+00
 1.689161062E+00
 1.703515649E+00
 1.720671296E+00
 1.740778208E+00
 1.764112949E+00
 1.790899158E+00
 1.821317554E+00
 1.855423093E+00
 1.893097639E+00
 1.934028387E+00
 1.977733135E+00
 2.000000000E+00
 1.000000000E+00
 1.028828263E+00
 1.086372256E+00
 1.143564224E+00
 1.200039864E+00
 1.255280018E+00
 1.308668852E+00
 1.359547615E+00
 1.407266855E+00
 1.451233268E+00
 1.490926027E+00
 1.536392689E+00
 1.579013348E+00
 1.608488441E+00
 1.627504349E+00
 1.638573766E+00
 1.643870711E+00
 1.645285130E+00
 1.644122601E+00
 1.641279817E+00
 1.637582541E+00
 1.633155465E+00
 1.628621459E+00
 1.625010967E+00
 1.622588396E+00
 1.621529937E+00
 1.621909142E+00
 1.624102712E+00
 1.628298759E+00
 1.634774566E+00
 1.643868566E+00
 1.656003237E+00
 1.671688795E+00
 1.691517115E+00
 1.715917706E+00
 1.745199442E+00
 1.779858470E+00
 1.820152760E+00
 1.866020203E+00
 1.916943789E+00
 1.971931815E+00
 2.000000000E+00
 1.000000000E+00
 1.029341936E+00
 1.087882638E+00
 1.145958304E+00
 1.203132868E+00
 1.258811235E+00
 1.312311053E+00
 1.362926006E+00
 1.409984469E+00
 1.452901483E+00
 1.491264820E+00
 1.533726931E+00
 1.572377443E+00
 1.598851204E+00
 1.615619302E+00
 1.624968767E+00
 1.628884315E+00
 1.629191279E+00
 1.626823902E+00
 1.622759700E+00
 1.617769837E+00
 1.611999154E+00
 1.605987430E+00
 1.600627780E+00
 1.596186876E+00
 1.592824459E+00
 1.590723515E+00
 1.589992404E+00
 1.590882063E+00
 1.593831062E+00
 1.599261403E+00
 1.607766271E+00
 1.620105505E+00
 1.637240410E+00
 1.660318851E+00
 1.690607548E+00
 1.728807330E+00
 1.775505424E+00
 1.830987930E+00
 1.894592524E+00
 1.964363694E+00
 2.000000000E+00
 1.000000000E+00
 1.029840827E+00
 1.089329600E+00
 1.148183107E+00
 1.205860972E+00
 1.261671543E+00
 1.314864635E+00
 1.364706159E+00
 1.410550594E+00
 1.452014446E+00
 1.488732219E+00
 1.527635336E+00
 1.562228203E+00
 1.585912585E+00
 1.600882292E+00
 1.609133959E+00
 1.612400770E+00
 1.612256169E+00
 1.609493494E+00
 1.604967117E+00
 1.599362612E+00
 1.593031168E+00
 1.586403608E+00
 1.580049515E+00
 1.574189663E+00
 1.569006562E+00
 1.564635754E+00
 1.561253548E+00
 1.559099078E+00
 1.558385730E+00
 1.559579849E+00
 1.563422561E+00
 1.570806265E+00
 1.583008885E+00
 1.601740837E+00
 1.629207969E+00
 1.667981625E+00
 1.719975829E+00
 1.785823941E+00
 1.865156770E+00
 1.954438090E+00
 2.000000000E+00
 1.000000000E+00
 1.030389071E+00
 1.090899348E+00
 1.150502205E+00
 1.208480239E+00
 1.264007092E+00
 1.316267371E+00
 1.364594698E+00
 1.408611178E+00
 1.447873116E+00
 1.482129097E+00
 1.516887426E+00
 1.547229052E+00
 1.568249822E+00
 1.581799030E+00
 1.589518547E+00
 1.592803478E+00
 1.592882276E+00
 1.590507627E+00
 1.586401105E+00
 1.581114054E+00
 1.575210929E+00
 1.569104195E+00
 1.562871218E+00
 1.556653023E+00
 1.550583601E+00
 1.544797421E+00
 1.539437652E+00
 1.534684896E+00
 1.530792594E+00
 1.528133750E+00
 1.527190089E+00
 1.528833151E+00
 1.534502149E+00
 1.546178102E+00
 1.566868544E+00
 1.600794673E+00
 1.653223276E+00
 1.728226066E+00
 1.825981379E+00
 1.941234827E+00
 2.000000000E+00
 1.000000000E+00
 1.031062007E+00
 1.092803597E+00
 1.153159857E+00
 1.211036563E+00
 1.265393496E+00
 1.315594673E+00
 1.361254215E+00
 1.401990414E+00
 1.437692046E+00
 1.468386412E+00
 1.498177528E+00
 1.523812532E+00
 1.542024493E+00
 1.554261804E+00
 1.561770558E+00
 1.565563917E+00
 1.566498518E+00
 1.565268159E+00
 1.562404990E+00
 1.558309555E+00
 1.553711534E+00
 1.549071670E+00
 1.544099808E+00
 1.538865447E+00
 1.533406019E+00
 1.527748585E+00
 1.521930695E+00
 1.516025066E+00
 1.510179758E+00
 1.504681706E+00
 1.499962568E+00
 1.496732712E+00
 1.495991468E+00
 1.499514818E+00
 1.510585308E+00
 1.534471869E+00
 1.579488277E+00
 1.656772971E+00
 1.773213863E+00
 1.923035860E+00
 2.000000000E+00
 1.000000000E+00
 1.031567216E+00
 1.094088197E+00
 1.154188395E+00
 1.210312366E+00
 1.261525273E+00
 1.307335258E+00
 1.347659707E+00
 1.382706046E+00
 1.412797809E+00
 1.438314080E+00
 1.462066650E+00
 1.482383609E+00
 1.497414112E+00
 1.508180976E+00
 1.515520215E+00
 1.520099640E+00
 1.522457957E+00
 1.523027539E+00
 1.522257686E+00
 1.520402551E+00
 1.518029571E+00
 1.515602589E+00
 1.512794256E+00
 1.509626746E+00
 1.506103396E+00
 1.502216935E+00
 1.497954130E+00
 1.493299007E+00
 1.488233447E+00
 1.482748866E+00
 1.476966143E+00
 1.471220493E+00
 1.466238856E+00
 1.463560581E+00
 1.465559363E+00
 1.476961613E+00
 1.507405162E+00
 1.574053168E+00
 1.701910853E+00
 1.895827889E+00
 2.000000000E+00
 1.000000000E+00
 1.029903054E+00
 1.088384628E+00
 1.142417192E+00
 1.190653563E+00
 1.232800484E+00
 1.269197702E+00
 1.300429940E+00
 1.327144265E+00
 1.349907041E+00
 1.369297624E+00
 1.386968255E+00
 1.402319074E+00
 1.414645672E+00
 1.424501896E+00
 1.432317972E+00
 1.438432455E+00
 1.443115711E+00
 1.446589828E+00
 1.449047446E+00
 1.450639606E+00
 1.451319337E+00
 1.451545835E+00
 1.451515675E+00
 1.451269507E+00
 1.450773597E+00
 1.450010419E+00
 1.448960066E+00
 1.447599292E+00
 1.445905328E+00
 1.443858027E+00
 1.441418529E+00
 1.438570738E+00
 1.435366273E+00
 1.432166338E+00
 1.430429101E+00
 1.433098912E+00
 1.447070718E+00
 1.491029620E+00
 1.607205987E+00
 1.849580765E+00
 2.000000000E+00
 1.000000000E+00
 1.018474936E+00
 1.054996848E+00
 1.089052796E+00
 1.119857192E+00
 1.147431374E+00
 1.172093153E+00
 1.194213867E+00
 1.214136839E+00
 1.232150078E+00
 1.248485804E+00
 1.263554454E+00
 1.277553201E+00
 1.290249586E+00
 1.301797867E+00
 1.312318444E+00
 1.321908712E+00
 1.330649495E+00
 1.338609099E+00
 1.345843792E+00
 1.352366209E+00
 1.356389642E+00
 1.358921051E+00
 1.361551046E+00
 1.364277482E+00
 1.367093801E+00
 1.369989157E+00
 1.372947574E+00
 1.375947475E+00
 1.378962398E+00
 1.381969810E+00
 1.384933233E+00
 1.387801051E+00
 1.390508890E+00
 1.392977953E+00
 1.395252824E+00
 1.397997856E+00
 1.403462172E+00
 1.422044039E+00
 1.497401237E+00
 1.764491796E+00
 2.000000000E+00
 9.999577403E-01
 1.012490511E+00
 1.037523150E+00
 1.061140299E+00
 1.082847834E+00
 1.102829218E+00
 1.121387959E+00
 1.138781786E+00
 1.155192971E+00
 1.170762539E+00
 1.185539961E+00
 1.199290991E+00
 1.212626696E+00
 1.225555182E+00
 1.238021255E+00
 1.249983549E+00
 1.261413455E+00
 1.272292614E+00
 1.282609701E+00
 1.292349815E+00
 1.301453710E+00
 1.307229757E+00
 1.310970426E+00
 1.314992905E+00
 1.319272757E+00
 1.323817611E+00
 1.328619957E+00
 1.333665609E+00
 1.338933706E+00
 1.344395638E+00
 1.350027442E+00
 1.355793476E+00
 1.361623526E+00
 1.367392778E+00
 1.372795343E+00
 1.377148390E+00
 1.379945159E+00
 1.381051421E+00
 1.386622071E+00
 1.441072345E+00
 1.720886230E+00
 1.933692336E+00
