 9.999976754E-01
 1.010229588E+00
 1.031091809E+00
 1.052765489E+00
 1.075262904E+00
 1.098592162E+00
 1.122755289E+00
 1.147745490E+00
 1.173541903E+00
 1.200099111E+00
 1.227324963E+00
 1.288557649E+00
 1.372138262E+00
 1.442705512E+00
 1.501643419E+00
 1.550664783E+00
 1.591435909E+00
 1.625439405E+00
 1.653929114E+00
 1.677933812E+00
 1.698281765E+00
 1.731199980E+00
 1.771528482E+00
 1.803943992E+00
 1.830702662E+00
 1.853303671E+00
 1.872748375E+00
 1.889711857E+00
 1.904660583E+00
 1.917925715E+00
 1.929752827E+00
 1.940330744E+00
 1.949810863E+00
 1.958318472E+00
 1.965959907E+00
 1.972827315E+00
 1.979001880E+00
 1.984554529E+00
 1.989549279E+00
 1.994042993E+00
 1.998086214E+00
 2.000005245E+00
 1.000000000E+00
 1.010421038E+00
 1.031656623E+00
 1.053685546E+00
 1.076519728E+00
 1.100167155E+00
 1.124630213E+00
 1.149904013E+00
 1.175972462E+00
 1.202803016E+00
 1.230335593E+00
 1.291012287E+00
 1.374212027E+00
 1.444401026E+00
 1.503030300E+00
 1.551810145E+00
 1.592396259E+00
 1.626260757E+00
 1.654648900E+00
 1.678582311E+00
 1.698884130E+00
 1.731551051E+00
 1.771471143E+00
 1.803611994E+00
 1.830176473E+00
 1.852637172E+00
 1.871979952E+00
 1.888871312E+00
 1.903771996E+00
 1.917010307E+00
 1.928829432E+00
 1.939417005E+00
 1.948923469E+00
 1.957473636E+00
 1.965173483E+00
 1.972115278E+00
 1.978380203E+00
 1.984040022E+00
 1.989159107E+00
 1.993795276E+00
 1.998000383E+00
 2.000000000E+00
 1.000000000E+00
 1.010813594E+00
 1.032814264E+00
 1.055570960E+00
 1.079095006E+00
 1.103393912E+00
 1.128471136E+00
 1.154325247E+00
 1.180950522E+00
 1.208340526E+00
 1.236500740E+00
 1.296039343E+00
 1.378460050E+00
 1.447874904E+00
 1.505872369E+00
 1.554157495E+00
 1.594364643E+00
 1.627944469E+00
 1.656124473E+00
 1.679911733E+00
 1.700118899E+00
 1.732270956E+00
 1.771353483E+00
 1.802930832E+00
 1.829096437E+00
 1.851268649E+00
 1.870401978E+00
 1.887144804E+00
 1.901946783E+00
 1.915129662E+00
 1.926932335E+00
 1.937539816E+00
 1.947100520E+00
 1.955738187E+00
 1.963558316E+00
 1.970653057E+00
 1.977103949E+00
 1.982983947E+00
 1.988358498E+00
 1.993287206E+00
 1.997824311E+00
 2.000000000E+00
 1.000000000E+00
 1.011281252E+00
 1.034196258E+00
 1.057829142E+00
 1.082190156E+00
 1.107285619E+00
 1.133116961E+00
 1.159680247E+00
 1.186965108E+00
 1.214953780E+00
 1.243619442E+00
 1.302776694E+00
 1.384422660E+00
 1.453130007E+00
 1.510497808E+00
 1.558237076E+00
 1.597980618E+00
 1.631174207E+00
 1.659038424E+00
 1.682573199E+00
 1.702584147E+00
 1.734019756E+00
 1.772024155E+00
 1.802823663E+00
 1.828420877E+00
 1.850173950E+00
 1.868998885E+00
 1.885519028E+00
 1.900167704E+00
 1.913255453E+00
 1.925013781E+00
 1.935622215E+00
 1.945225358E+00
 1.953944325E+00
 1.961883068E+00
 1.969132900E+00
 1.975775242E+00
 1.981883287E+00
 1.987523794E+00
 1.992757678E+00
 1.997640967E+00
 2.000000000E+00
 1.000000000E+00
 1.011832595E+00
 1.035827041E+00
 1.060498953E+00
 1.085856557E+00
 1.111903667E+00
 1.138637662E+00
 1.166049123E+00
 1.194120288E+00
 1.222822547E+00
 1.252115250E+00
 1.311209321E+00
 1.392156363E+00
 1.460186839E+00
 1.516901135E+00
 1.564028740E+00
 1.603216887E+00
 1.635919690E+00
 1.663359880E+00
 1.686535954E+00
 1.706249356E+00
 1.736785054E+00
 1.773477316E+00
 1.803298354E+00
 1.828164697E+00
 1.849370956E+00
 1.867788672E+00
 1.884010553E+00
 1.898448825E+00
 1.911399126E+00
 1.923082352E+00
 1.933670044E+00
 1.943301558E+00
 1.952093959E+00
 1.960148454E+00
 1.967554688E+00
 1.974393249E+00
 1.980737329E+00
 1.986654162E+00
 1.992205739E+00
 1.997449994E+00
 2.000000000E+00
 1.000000000E+00
 1.012475848E+00
 1.037731290E+00
 1.063619614E+00
 1.090147376E+00
 1.117314219E+00
 1.145112634E+00
 1.173526764E+00
 1.202530384E+00
 1.232085705E+00
 1.262142181E+00
 1.321365476E+00
 1.401687741E+00
 1.469043612E+00
 1.525056601E+00
 1.571490765E+00
 1.610022426E+00
 1.642124295E+00
 1.669029355E+00
 1.691739321E+00
 1.711054087E+00
 1.740517020E+00
 1.775675774E+00
 1.804331899E+00
 1.828315258E+00
 1.848853469E+00
 1.866768718E+00
 1.882618427E+00
 1.896789551E+00
 1.909559608E+00
 1.921136022E+00
 1.931680799E+00
 1.941325903E+00
 1.950183272E+00
 1.958350420E+00
 1.965914369E+00
 1.972954392E+00
 1.979542851E+00
 1.985747218E+00
 1.991630197E+00
 1.997250795E+00
 2.000000000E+00
 1.000000000E+00
 1.013219357E+00
 1.039932728E+00
 1.067229867E+00
 1.095114231E+00
 1.123581290E+00
 1.152616978E+00
 1.182197452E+00
 1.212287307E+00
 1.242838025E+00
 1.273787975E+00
 1.333276153E+00
 1.413016081E+00
 1.479668975E+00
 1.534907103E+00
 1.580547452E+00
 1.618308187E+00
 1.649690747E+00
 1.675944209E+00
 1.698077440E+00
 1.716891289E+00
 1.745116472E+00
 1.778536677E+00
 1.805858135E+00
 1.828820944E+00
 1.848580837E+00
 1.865906477E+00
 1.881315827E+00
 1.895167112E+00
 1.907716870E+00
 1.919157147E+00
 1.929638267E+00
 1.939283729E+00
 1.948199034E+00
 1.956477046E+00
 1.964201689E+00
 1.971449852E+00
 1.978293061E+00
 1.984798074E+00
 1.991027951E+00
 1.997042537E+00
 2.000000000E+00
 1.000000000E+00
 1.014070868E+00
 1.042454004E+00
 1.071365118E+00
 1.100804567E+00
 1.130761862E+00
 1.161215305E+00
 1.192130923E+00
 1.223461628E+00
 1.255146384E+00
 1.287109852E+00
 1.346955299E+00
 1.426107526E+00
 1.491990685E+00
 1.546350002E+00
 1.591072202E+00
 1.627930403E+00
 1.658462763E+00
 1.683939934E+00
 1.705380797E+00
 1.723588228E+00
 1.750417233E+00
 1.781913638E+00
 1.807752013E+00
 1.829575777E+00
 1.848463893E+00
 1.865126610E+00
 1.880038738E+00
 1.893526554E+00
 1.905823350E+00
 1.917104006E+00
 1.927505851E+00
 1.937142849E+00
 1.946112990E+00
 1.954504013E+00
 1.962395906E+00
 1.969863057E+00
 1.976974964E+00
 1.983797550E+00
 1.990393758E+00
 1.996823549E+00
 2.000000000E+00
 1.000000000E+00
 1.015036941E+00
 1.045313835E+00
 1.076055288E+00
 1.107257247E+00
 1.138901830E+00
 1.170957446E+00
 1.203377485E+00
 1.236100554E+00
 1.269049883E+00
 1.302133799E+00
 1.362383366E+00
 1.440881133E+00
 1.505878925E+00
 1.559216499E+00
 1.602866411E+00
 1.638667703E+00
 1.668202519E+00
 1.692767143E+00
 1.713392377E+00
 1.730883837E+00
 1.756164908E+00
 1.785576105E+00
 1.809808969E+00
 1.830400944E+00
 1.848347187E+00
 1.864294291E+00
 1.878669977E+00
 1.891766071E+00
 1.903790593E+00
 1.914899468E+00
 1.925216317E+00
 1.934844613E+00
 1.943874717E+00
 1.952388287E+00
 1.960461259E+00
 1.968164563E+00
 1.975565910E+00
 1.982729793E+00
 1.989718080E+00
 1.996590614E+00
 2.000000000E+00
 1.000000000E+00
 1.016122222E+00
 1.048525214E+00
 1.081320047E+00
 1.114497066E+00
 1.148028851E+00
 1.181870580E+00
 1.215960145E+00
 1.250218272E+00
 1.284548759E+00
 1.318840623E+00
 1.379486799E+00
 1.457187176E+00
 1.521123290E+00
 1.573247552E+00
 1.615633130E+00
 1.650194407E+00
 1.678563356E+00
 1.702064514E+00
 1.721741557E+00
 1.738402367E+00
 1.761991620E+00
 1.789185047E+00
 1.811721563E+00
 1.831020951E+00
 1.847985983E+00
 1.863193393E+00
 1.877019644E+00
 1.889719009E+00
 1.901472330E+00
 1.912415624E+00
 1.922658086E+00
 1.932292342E+00
 1.941400766E+00
 1.950059056E+00
 1.958338618E+00
 1.966307163E+00
 1.974029779E+00
 1.981569171E+00
 1.988986135E+00
 1.996338964E+00
 2.000000000E+00
 1.000000000E+00
 1.017327428E+00
 1.052090764E+00
 1.087162733E+00
 1.122526288E+00
 1.158141494E+00
 1.193946600E+00
 1.229859471E+00
 1.265778542E+00
 1.301584840E+00
 1.337143540E+00
 1.398111105E+00
 1.474779487E+00
 1.537403584E+00
 1.588064790E+00
 1.628948569E+00
 1.662052274E+00
 1.689061761E+00
 1.711331367E+00
 1.729916930E+00
 1.745626688E+00
 1.767390966E+00
 1.792266846E+00
 1.813053012E+00
 1.831037521E+00
 1.847020268E+00
 1.861500859E+00
 1.874799252E+00
 1.887129068E+00
 1.898641944E+00
 1.909453154E+00
 1.919656754E+00
 1.929334521E+00
 1.938560843E+00
 1.947405696E+00
 1.955936074E+00
 1.964216590E+00
 1.972309709E+00
 1.980276108E+00
 1.988174558E+00
 1.996061325E+00
 2.000000000E+00
 1.000000000E+00
 1.018648148E+00
 1.055997014E+00
 1.093560576E+00
 1.131311655E+00
 1.169193387E+00
 1.207122326E+00
 1.244990826E+00
 1.282669783E+00
 1.320011973E+00
 1.356856108E+00
 1.417987347E+00
 1.493282914E+00
 1.554260015E+00
 1.603141904E+00
 1.642235041E+00
 1.673624992E+00
 1.699053526E+00
 1.719904423E+00
 1.737243772E+00
 1.751877308E+00
 1.771697044E+00
 1.794192433E+00
 1.813214540E+00
 1.829904079E+00
 1.844946742E+00
 1.858756900E+00
 1.871592164E+00
 1.883621454E+00
 1.894964695E+00
 1.905714869E+00
 1.915950418E+00
 1.925742507E+00
 1.935157776E+00
 1.944260836E+00
 1.953114748E+00
 1.961781263E+00
 1.970320463E+00
 1.978790760E+00
 1.987248302E+00
 1.995746255E+00
 2.000000000E+00
 1.000000000E+00
 1.020071864E+00
 1.060207367E+00
 1.100452900E+00
 1.140767813E+00
 1.181072831E+00
 1.221255660E+00
 1.261176705E+00
 1.300672770E+00
 1.339563370E+00
 1.377656341E+00
 1.438695669E+00
 1.512160778E+00
 1.571065187E+00
 1.617782474E+00
 1.654744029E+00
 1.684125185E+00
 1.707723022E+00
 1.726949215E+00
 1.742876887E+00
 1.756305337E+00
 1.774078727E+00
 1.794167995E+00
 1.811451197E+00
 1.826906681E+00
 1.841095448E+00
 1.854338050E+00
 1.866823196E+00
 1.878670335E+00
 1.889964104E+00
 1.900773287E+00
 1.911159635E+00
 1.921183109E+00
 1.930902958E+00
 1.940378785E+00
 1.949670553E+00
 1.958837271E+00
 1.967936993E+00
 1.977025628E+00
 1.986156225E+00
 1.995377421E+00
 2.000000000E+00
 1.000000000E+00
 1.021573544E+00
 1.064650297E+00
 1.107724905E+00
 1.150736809E+00
 1.193576574E+00
 1.236095190E+00
 1.278112411E+00
 1.319424272E+00
 1.359811544E+00
 1.399048328E+00
 1.459633946E+00
 1.530691981E+00
 1.587012053E+00
 1.631117940E+00
 1.665562510E+00
 1.692607164E+00
 1.714101195E+00
 1.731480598E+00
 1.745822191E+00
 1.757914901E+00
 1.773562074E+00
 1.791252732E+00
 1.806851864E+00
 1.821165800E+00
 1.834622145E+00
 1.847440839E+00
 1.859735370E+00
 1.871569991E+00
 1.882990003E+00
 1.894036293E+00
 1.904752016E+00
 1.915184498E+00
 1.925384879E+00
 1.935407877E+00
 1.945310116E+00
 1.955148458E+00
 1.964978933E+00
 1.974854708E+00
 1.984824777E+00
 1.994931340E+00
 2.000000000E+00
 1.000000000E+00
 1.023108840E+00
 1.069205284E+00
 1.115187049E+00
 1.160962820E+00
 1.206381559E+00
 1.251246452E+00
 1.295327067E+00
 1.338371634E+00
 1.380120754E+00
 1.420322657E+00
 1.480012178E+00
 1.547970057E+00
 1.601128459E+00
 1.642139792E+00
 1.673660278E+00
 1.698026061E+00
 1.717131019E+00
 1.732430339E+00
 1.745002389E+00
 1.755627513E+00
 1.769101858E+00
 1.784420133E+00
 1.798400044E+00
 1.811673164E+00
 1.824531913E+00
 1.837091804E+00
 1.849386811E+00
 1.861421108E+00
 1.873195291E+00
 1.884717941E+00
 1.896009326E+00
 1.907101035E+00
 1.918034315E+00
 1.928857207E+00
 1.939622045E+00
 1.950382829E+00
 1.961192489E+00
 1.972100616E+00
 1.983150244E+00
 1.994374752E+00
 2.000000000E+00
 1.000000000E+00
 1.024125099E+00
 1.072188735E+00
 1.120065689E+00
 1.167654991E+00
 1.214775205E+00
 1.261188984E+00
 1.306620240E+00
 1.350768566E+00
 1.393322468E+00
 1.433966279E+00
 1.493483305E+00
 1.558662891E+00
 1.609162807E+00
 1.647614837E+00
 1.676722050E+00
 1.698865175E+00
 1.715968370E+00
 1.729500771E+00
 1.740538955E+00
 1.749845147E+00
 1.761544585E+00
 1.774846435E+00
 1.787429690E+00
 1.799786687E+00
 1.812116504E+00
 1.824462295E+00
 1.836799741E+00
 1.849085212E+00
 1.861281514E+00
 1.873367786E+00
 1.885341883E+00
 1.897219300E+00
 1.909029841E+00
 1.920814157E+00
 1.932619929E+00
 1.944498420E+00
 1.956500649E+00
 1.968673825E+00
 1.981057286E+00
 1.993676662E+00
 2.000000000E+00
 1.000000000E+00
 1.024623036E+00
 1.073724866E+00
 1.122652650E+00
 1.171283722E+00
 1.219413757E+00
 1.266777515E+00
 1.313066959E+00
 1.357949615E+00
 1.401085258E+00
 1.442144513E+00
 1.501196861E+00
 1.564846754E+00
 1.613672853E+00
 1.650399446E+00
 1.677783966E+00
 1.698254228E+00
 1.713773608E+00
 1.725841284E+00
 1.735556006E+00
 1.743697286E+00
 1.753745437E+00
 1.765185475E+00
 1.776295066E+00
 1.787536263E+00
 1.799074650E+00
 1.810923100E+00
 1.823029041E+00
 1.835322976E+00
 1.847743392E+00
 1.860248327E+00
 1.872817159E+00
 1.885450482E+00
 1.898166060E+00
 1.910995483E+00
 1.923979759E+00
 1.937165141E+00
 1.950599194E+00
 1.964325428E+00
 1.978378415E+00
 1.992774725E+00
 2.000000000E+00
 1.000000000E+00
 1.025161386E+00
 1.075359583E+00
 1.125391245E+00
 1.175112128E+00
 1.224290252E+00
 1.272627592E+00
 1.319781065E+00
 1.365382791E+00
 1.409061551E+00
 1.450465202E+00
 1.508734703E+00
 1.570543885E+00
 1.617402673E+00
 1.652127624E+00
 1.677533031E+00
 1.696091652E+00
 1.709803224E+00
 1.720195889E+00
 1.728389263E+00
 1.735177040E+00
 1.743361712E+00
 1.752747774E+00
 1.762196541E+00
 1.772139668E+00
 1.782718658E+00
 1.793926716E+00
 1.805692315E+00
 1.817927837E+00
 1.830554605E+00
 1.843513489E+00
 1.856769204E+00
 1.870308518E+00
 1.884137630E+00
 1.898277760E+00
 1.912760854E+00
 1.927625299E+00
 1.942911029E+00
 1.958654404E+00
 1.974881291E+00
 1.991595864E+00
 2.000000000E+00
 1.000000000E+00
 1.025728226E+00
 1.077074885E+00
 1.128255010E+00
 1.179101825E+00
 1.229350924E+00
 1.278667331E+00
 1.326667547E+00
 1.372944236E+00
 1.417089820E+00
 1.458722234E+00
 1.515896559E+00
 1.575497508E+00
 1.620074272E+00
 1.652518749E+00
 1.675694585E+00
 1.692111611E+00
 1.703799248E+00
 1.712309837E+00
 1.718781233E+00
 1.724019766E+00
 1.730156422E+00
 1.737297535E+00
 1.744879603E+00
 1.753305912E+00
 1.762704730E+00
 1.773062706E+00
 1.784303784E+00
 1.796335578E+00
 1.809073806E+00
 1.822453737E+00
 1.836433411E+00
 1.850993514E+00
 1.866133213E+00
 1.881866217E+00
 1.898215771E+00
 1.915209532E+00
 1.932874799E+00
 1.951233864E+00
 1.970296502E+00
 1.990047574E+00
 2.000000000E+00
 1.000000000E+00
 1.026315212E+00
 1.078847289E+00
 1.131204486E+00
 1.183193922E+00
 1.234515190E+00
 1.284789801E+00
 1.333589315E+00
 1.380461812E+00
 1.424959779E+00
 1.466667652E+00
 1.522413015E+00
 1.579407573E+00
 1.621384382E+00
 1.651288629E+00
 1.672015071E+00
 1.686094046E+00
 1.695573092E+00
 1.702020049E+00
 1.706586599E+00
 1.710090041E+00
 1.714026213E+00
 1.718755126E+00
 1.724259377E+00
 1.730918884E+00
 1.738861680E+00
 1.748083949E+00
 1.758523345E+00
 1.770101309E+00
 1.782746434E+00
 1.796405792E+00
 1.811048388E+00
 1.826663733E+00
 1.843258262E+00
 1.860848904E+00
 1.879456997E+00
 1.899101257E+00
 1.919791579E+00
 1.941525102E+00
 1.964281797E+00
 1.988011956E+00
 2.000000000E+00
 1.000000000E+00
 1.026912332E+00
 1.080645800E+00
 1.134185791E+00
 1.187308788E+00
 1.239672184E+00
 1.290849686E+00
 1.340362549E+00
 1.387710333E+00
 1.432404399E+00
 1.473996282E+00
 1.527952313E+00
 1.581936598E+00
 1.621022224E+00
 1.648177266E+00
 1.666297913E+00
 1.677910686E+00
 1.685060859E+00
 1.689318657E+00
 1.691841602E+00
 1.693454981E+00
 1.695089459E+00
 1.697288513E+00
 1.700518847E+00
 1.705144167E+00
 1.711305618E+00
 1.719027162E+00
 1.728280544E+00
 1.739024162E+00
 1.751223922E+00
 1.764864564E+00
 1.779952168E+00
 1.796513200E+00
 1.814588308E+00
 1.834223628E+00
 1.855459809E+00
 1.878319740E+00
 1.902796865E+00
 1.928849816E+00
 1.956402540E+00
 1.985339761E+00
 2.000000000E+00
 1.000000000E+00
 1.027507424E+00
 1.082432151E+00
 1.137130976E+00
 1.191343784E+00
 1.244680882E+00
 1.296662450E+00
 1.346755266E+00
 1.394410491E+00
 1.439098477E+00
 1.480343699E+00
 1.532129169E+00
 1.582726240E+00
 1.618693471E+00
 1.642982125E+00
 1.658448219E+00
 1.667577624E+00
 1.672385216E+00
 1.674423695E+00
 1.674844265E+00
 1.674473882E+00
 1.673785210E+00
 1.673420548E+00
 1.674228907E+00
 1.676563263E+00
 1.680589199E+00
 1.686375022E+00
 1.693948030E+00
 1.703327656E+00
 1.714545727E+00
 1.727656841E+00
 1.742741942E+00
 1.759905815E+00
 1.779270291E+00
 1.800959706E+00
 1.825082064E+00
 1.851703286E+00
 1.880820751E+00
 1.912344933E+00
 1.946100712E+00
 1.981840611E+00
 2.000000000E+00
 1.000000000E+00
 1.028087258E+00
 1.084164500E+00
 1.139964342E+00
 1.195183873E+00
 1.249379277E+00
 1.302013278E+00
 1.352497697E+00
 1.400236487E+00
 1.444666743E+00
 1.485295892E+00
 1.534524798E+00
 1.581420541E+00
 1.614148855E+00
 1.635591269E+00
 1.648508668E+00
 1.655297637E+00
 1.657904863E+00
 1.657837749E+00
 1.656222939E+00
 1.653879166E+00
 1.650966525E+00
 1.648137808E+00
 1.646477103E+00
 1.646326780E+00
 1.647882700E+00
 1.651268125E+00
 1.656580329E+00
 1.663921118E+00
 1.673415661E+00
 1.685224056E+00
 1.699546576E+00
 1.716623783E+00
 1.736727953E+00
 1.760144472E+00
 1.787140369E+00
 1.817915916E+00
 1.852541089E+00
 1.890895009E+00
 1.932642579E+00
 1.977266908E+00
 2.000000000E+00
 1.000000000E+00
 1.028641582E+00
 1.085809588E+00
 1.142622709E+00
 1.198725104E+00
 1.253612638E+00
 1.306687593E+00
 1.357309580E+00
 1.404844642E+00
 1.448710680E+00
 1.488416553E+00
 1.534715772E+00
 1.577691197E+00
 1.607201576E+00
 1.625992417E+00
 1.636662006E+00
 1.641458392E+00
 1.642211795E+00
 1.640349388E+00
 1.636948586E+00
 1.632803202E+00
 1.627939939E+00
 1.622947931E+00
 1.618953705E+00
 1.616280913E+00
 1.615148902E+00
 1.615732193E+00
 1.618199587E+00
 1.622742653E+00
 1.629596114E+00
 1.639053345E+00
 1.651478529E+00
 1.667311788E+00
 1.687067151E+00
 1.711313844E+00
 1.740634680E+00
 1.775544763E+00
 1.816362500E+00
 1.863042712E+00
 1.915037155E+00
 1.971289396E+00
 2.000000000E+00
 1.000000000E+00
 1.029173613E+00
 1.087372541E+00
 1.145100474E+00
 1.201933980E+00
 1.257298827E+00
 1.310536623E+00
 1.360964417E+00
 1.407929540E+00
 1.450857401E+00
 1.489287853E+00
 1.532302380E+00
 1.571242332E+00
 1.597701669E+00
 1.614214420E+00
 1.623141289E+00
 1.626515031E+00
 1.625995398E+00
 1.622886539E+00
 1.618185282E+00
 1.612638474E+00
 1.606330872E+00
 1.599752545E+00
 1.593849778E+00
 1.588907719E+00
 1.585145950E+00
 1.582765102E+00
 1.581982017E+00
 1.583058357E+00
 1.586326003E+00
 1.592212200E+00
 1.601264238E+00
 1.614172220E+00
 1.631785154E+00
 1.655110598E+00
 1.685277700E+00
 1.723432660E+00
 1.770519018E+00
 1.826905966E+00
 1.891910195E+00
 1.963460326E+00
 2.000000000E+00
 1.000000000E+00
 1.029719830E+00
 1.088955998E+00
 1.147544026E+00
 1.204963565E+00
 1.260553956E+00
 1.313599229E+00
 1.363395810E+00
 1.409308553E+00
 1.450814843E+00
 1.487533808E+00
 1.526891232E+00
 1.561728954E+00
 1.585382581E+00
 1.600099087E+00
 1.607927799E+00
 1.610620618E+00
 1.609611154E+00
 1.606035709E+00
 1.600774765E+00
 1.594500303E+00
 1.587518454E+00
 1.580244184E+00
 1.573234916E+00
 1.566710114E+00
 1.560851455E+00
 1.555839539E+00
 1.551885247E+00
 1.549260616E+00
 1.548333049E+00
 1.549605250E+00
 1.553762317E+00
 1.561728477E+00
 1.574727178E+00
 1.594334841E+00
 1.622499704E+00
 1.661466002E+00
 1.713491797E+00
 1.780187964E+00
 1.861305237E+00
 1.953146100E+00
 2.000000000E+00
 1.000000000E+00
 1.030383706E+00
 1.090860128E+00
 1.150401354E+00
 1.208327413E+00
 1.263858438E+00
 1.316230178E+00
 1.364763856E+00
 1.408911109E+00
 1.448279023E+00
 1.482638955E+00
 1.517807961E+00
 1.548346519E+00
 1.569321752E+00
 1.582629442E+00
 1.589947581E+00
 1.592694163E+00
 1.592028975E+00
 1.588878870E+00
 1.583972454E+00
 1.577876210E+00
 1.571190596E+00
 1.564336777E+00
 1.557366967E+00
 1.550413966E+00
 1.543586731E+00
 1.536995769E+00
 1.530779004E+00
 1.525130987E+00
 1.520342708E+00
 1.516854167E+00
 1.515330553E+00
 1.516766429E+00
 1.522625566E+00
 1.535012126E+00
 1.556849599E+00
 1.591985583E+00
 1.645026445E+00
 1.720477462E+00
 1.820364356E+00
 1.939360857E+00
 2.000000000E+00
 1.000000000E+00
 1.031369448E+00
 1.093675137E+00
 1.154529214E+00
 1.212931275E+00
 1.267915130E+00
 1.318712473E+00
 1.364788651E+00
 1.405830741E+00
 1.441720605E+00
 1.472501397E+00
 1.502445340E+00
 1.528012753E+00
 1.545983553E+00
 1.557847142E+00
 1.564870119E+00
 1.568102241E+00
 1.568397999E+00
 1.566444039E+00
 1.562786818E+00
 1.557858109E+00
 1.552468777E+00
 1.547129512E+00
 1.541450262E+00
 1.535480380E+00
 1.529251099E+00
 1.522788048E+00
 1.516125560E+00
 1.509326100E+00
 1.502508759E+00
 1.495897174E+00
 1.489898562E+00
 1.485237598E+00
 1.483175635E+00
 1.485856533E+00
 1.496803284E+00
 1.521525145E+00
 1.567993283E+00
 1.646234274E+00
 1.764928102E+00
 1.920274615E+00
 2.000000000E+00
 1.000000000E+00
 1.032718420E+00
 1.097523451E+00
 1.159826398E+00
 1.217844009E+00
 1.270341635E+00
 1.316822648E+00
 1.357316256E+00
 1.392136335E+00
 1.421722889E+00
 1.446555495E+00
 1.469467163E+00
 1.488852024E+00
 1.503037691E+00
 1.513020635E+00
 1.519614816E+00
 1.523480296E+00
 1.525150418E+00
 1.525055170E+00
 1.523540258E+00
 1.520880699E+00
 1.517796516E+00
 1.514856815E+00
 1.511556506E+00
 1.507895231E+00
 1.503859639E+00
 1.499426723E+00
 1.494567990E+00
 1.489254832E+00
 1.483468175E+00
 1.477216601E+00
 1.470573306E+00
 1.463755250E+00
 1.457295299E+00
 1.452413917E+00
 1.451788068E+00
 1.460987926E+00
 1.490702629E+00
 1.558976769E+00
 1.689417720E+00
 1.891851544E+00
 2.000000000E+00
 1.000000000E+00
 1.032005310E+00
 1.094533443E+00
 1.151348114E+00
 1.200706601E+00
 1.242632389E+00
 1.277942419E+00
 1.307649970E+00
 1.332695603E+00
 1.353866577E+00
 1.371801257E+00
 1.388071895E+00
 1.402254105E+00
 1.413660765E+00
 1.422779202E+00
 1.429994464E+00
 1.435614228E+00
 1.439886570E+00
 1.443014145E+00
 1.445163846E+00
 1.446471453E+00
 1.446932435E+00
 1.447032928E+00
 1.446906328E+00
 1.446551323E+00
 1.445957422E+00
 1.445105910E+00
 1.443970084E+00
 1.442515731E+00
 1.440701365E+00
 1.438480020E+00
 1.435801387E+00
 1.432620645E+00
 1.428923488E+00
 1.424811482E+00
 1.420820832E+00
 1.419086099E+00
 1.427109122E+00
 1.467005491E+00
 1.587798715E+00
 1.845340252E+00
 2.000000000E+00
 1.000000000E+00
 1.017781019E+00
 1.052845955E+00
 1.085552931E+00
 1.115231514E+00
 1.141919613E+00
 1.165905833E+00
 1.187522292E+00
 1.207076550E+00
 1.224828362E+00
 1.240975142E+00
 1.255873322E+00
 1.269782066E+00
 1.282441497E+00
 1.293985009E+00
 1.304521203E+00
 1.314140439E+00
 1.322919846E+00
 1.330925703E+00
 1.338212490E+00
 1.344787359E+00
 1.348827600E+00
 1.351374388E+00
 1.354026079E+00
 1.356781244E+00
 1.359634876E+00
 1.362577915E+00
 1.365596414E+00
 1.368670702E+00
 1.371773720E+00
 1.374870658E+00
 1.377916932E+00
 1.380856872E+00
 1.383622050E+00
 1.386127710E+00
 1.388270617E+00
 1.389932990E+00
 1.390980482E+00
 1.394817948E+00
 1.460613251E+00
 1.769565701E+00
 2.000000000E+00
 9.999678731E-01
 1.010332346E+00
 1.031028628E+00
 1.051138401E+00
 1.070548773E+00
 1.089300871E+00
 1.107403636E+00
 1.124830008E+00
 1.141554594E+00
 1.157559872E+00
 1.172811627E+00
 1.187035441E+00
 1.200845361E+00
 1.214198470E+00
 1.227043033E+00
 1.239342928E+00
 1.251075268E+00
 1.262227774E+00
 1.272796035E+00
 1.282775879E+00
 1.292107821E+00
 1.298023462E+00
 1.301853299E+00
 1.305959105E+00
 1.310339332E+00
 1.314991951E+00
 1.319912791E+00
 1.325094223E+00
 1.330523968E+00
 1.336182117E+00
 1.342039943E+00
 1.348055363E+00
 1.354166746E+00
 1.360277057E+00
 1.366204977E+00
 1.371517777E+00
 1.374939322E+00
 1.372413754E+00
 1.357751966E+00
 1.395368218E+00
 1.730733514E+00
 1.953158021E+00