 0.000000000E+00 0.000000000E+00
 0.000000000E+00 0.000000000E+00
 0.000000000E+00 0.000000000E+00
 0.000000000E+00 0.000000000E+00
 0.000000000E+00 0.000000000E+00
 0.000000000E+00 0.000000000E+00
 0.000000000E+00 0.000000000E+00
 0.000000000E+00 0.000000000E+00
 0.000000000E+00 0.000000000E+00
 0.000000000E+00 0.000000000E+00
 0.000000000E+00 0.000000000E+00
 0.000000000E+00 0.000000000E+00
 0.000000000E+00 0.000000000E+00
 0.000000000E+00 0.000000000E+00
 0.000000000E+00 0.000000000E+00
 0.000000000E+00 0.000000000E+00
 0.000000000E+00 0.000000000E+00
 0.000000000E+00 0.000000000E+00
 0.000000000E+00 0.000000000E+00
 0.000000000E+00 0.000000000E+00
 0.000000000E+00 0.000000000E+00
 0.000000000E+00 0.000000000E+00
 0.000000000E+00 0.000000000E+00
 0.000000000E+00 0.000000000E+00
 0.000000000E+00 0.000000000E+00
 0.000000000E+00 0.000000000E+00
 0.000000000E+00 0.000000000E+00
 0.000000000E+00 0.000000000E+00
 0.000000000E+00 0.000000000E+00
 0.000000000E+00 0.000000000E+00
 0.000000000E+00 0.000000000E+00
 0.000000000E+00 0.000000000E+00
 0.000000000E+00 0.000000000E+00
 0.000000000E+00 0.000000000E+00
 0.000000000E+00 0.000000000E+00
 0.000000000E+00 0.000000000E+00
 0.000000000E+00 0.000000000E+00
 0.000000000E+00 0.000000000E+00
 0.000000000E+00 0.000000000E+00
 0.000000000E+00 0.000000000E+00
 0.000000000E+00 0.000000000E+00
 0.000000000E+00 0.000000000E+00
 0.000000000E+00 0.000000000E+00
 2.131687097E-06 -1.109903224E-05
 1.371750295E-05 -2.224085620E-05
 3.021214616E-05 -2.491495979E-05
 4.405525397E-05 -2.269335164E-05
 4.947532943E-05 -1.772346513E-05
 4.208320752E-05 -1.189852628E-05
 1.886434620E-05 -5.941071777E-06
 -2.151052104E-05 -1.279732146E-06
 -7.799493324E-05 -6.696630521E-07
 -1.483359229E-04 -1.386966687E-05
 -3.839132842E-04 3.971508704E-05
 -8.459839155E-04 3.217744234E-05
 -1.237341668E-03 2.988481174E-05
 -1.543443999E-03 2.459416464E-05
 -1.759644831E-03 1.803482337E-05
 -1.893192763E-03 1.144063663E-05
 -1.957932254E-03 5.368544407E-06
 -1.969183795E-03 1.185585532E-07
 -1.941955532E-03 -3.564631470E-06
 -1.890425920E-03 -2.238737579E-06
 -1.748858369E-03 -1.581350807E-05
 -1.420429209E-03 -2.182301796E-05
 -1.053849119E-03 -2.279578439E-05
 -7.101566298E-04 -2.106662032E-05
 -4.183752753E-04 -1.711702680E-05
 -1.910158608E-04 -1.208790582E-05
 -2.792332998E-05 -6.876961379E-06
 7.836344594E-05 -2.058410928E-06
 1.384450588E-04 2.046811460E-06
 1.634711662E-04 5.288992270E-06
 1.637096284E-04 7.637908311E-06
 1.478988561E-04 9.115657122E-06
 1.230816270E-04 9.760467947E-06
 9.470128134E-05 9.603438230E-06
 6.679705984E-05 8.651309145E-06
 4.221814015E-05 6.908894647E-06
 2.277947169E-05 4.432918558E-06
 9.348698768E-06 1.438371100E-06
 1.896849199E-06 -1.442894131E-06
 -3.740399563E-07 -2.351491275E-06
 0.000000000E+00 0.000000000E+00
 0.000000000E+00 0.000000000E+00
 2.816617325E-06 -2.928387585E-05
 9.160856280E-06 -5.616995622E-05
 9.901915291E-06 -5.140436406E-05
 -5.014190265E-06 -2.295706327E-05
 -4.504792378E-05 2.189242150E-05
 -1.177911327E-04 7.639059186E-05
 -2.291966666E-04 1.347983634E-04
 -3.836618562E-04 1.914338936E-04
 -5.832819152E-04 2.404763072E-04
 -8.319988847E-04 2.753481094E-04
 -1.500336453E-03 4.603686684E-04
 -2.735116286E-03 4.772563989E-04
 -3.808766138E-03 4.422393104E-04
 -4.650232848E-03 3.714167105E-04
 -5.245898385E-03 2.835933119E-04
 -5.615980364E-03 1.918626367E-04
 -5.797667429E-03 1.041183568E-04
 -5.832180381E-03 2.493567081E-05
 -5.758844316E-03 -4.244928277E-05
 -5.611771252E-03 -9.467106429E-05
 -5.222481675E-03 -1.965578558E-04
 -4.329300951E-03 -2.906640002E-04
 -3.321922850E-03 -3.295979986E-04
 -2.363210311E-03 -3.273369803E-04
 -1.535245101E-03 -2.953613875E-04
 -8.742979262E-04 -2.455203503E-04
 -3.831864451E-04 -1.877871400E-04
 -4.488309423E-05 -1.294678514E-04
 1.667969336E-04 -7.541445666E-05
 2.802790550E-04 -2.853040496E-05
 3.222553059E-04 9.690463230E-06
 3.157471947E-04 3.869333523E-05
 2.794619650E-04 5.850385423E-05
 2.278741595E-04 6.949204544E-05
 1.716601691E-04 7.225737500E-05
 1.182596170E-04 6.761134864E-05
 7.242412539E-05 5.667123332E-05
 3.676068081E-05 4.102562889E-05
 1.258537395E-05 2.297776155E-05
 1.039104177E-06 6.013731763E-06
 0.000000000E+00 0.000000000E+00
 0.000000000E+00 0.000000000E+00
 7.473805681E-07 -3.165605813E-05
 -1.552690446E-05 -3.581494093E-05
 -6.145026418E-05 1.894194247E-05
 -1.453336881E-04 1.185455476E-04
 -2.763518714E-04 2.500550763E-04
 -4.626901064E-04 4.014250881E-04
 -7.110309671E-04 5.613620160E-04
 -1.026237034E-03 7.196726510E-04
 -1.411221689E-03 8.672722615E-04
 -1.869709813E-03 9.965036297E-04
 -2.987271640E-03 1.359658083E-03
 -4.925150424E-03 1.424473478E-03
 -6.610382348E-03 1.316935057E-03
 -7.929896004E-03 1.107105752E-03
 -8.865064010E-03 8.491894114E-04
 -9.448639117E-03 5.796936457E-04
 -9.737903252E-03 3.210692084E-04
 -9.795770980E-03 8.606511983E-05
 -9.681694210E-03 -1.185025831E-04
 -9.448206052E-03 -2.897286613E-04
 -8.841134608E-03 -5.678663147E-04
 -7.460050751E-03 -8.469856693E-04
 -5.887933541E-03 -9.747282020E-04
 -4.370203242E-03 -9.828119073E-04
 -3.036338836E-03 -9.045559564E-04
 -1.946417615E-03 -7.725940668E-04
 -1.110234880E-03 -6.145791267E-04
 -5.069446634E-04 -4.512867599E-04
 -1.007000174E-04 -2.969259804E-04
 1.489449060E-04 -1.603109704E-04
 2.808514691E-04 -4.623055429E-05
 3.291228204E-04 4.332223034E-05
 3.219024220E-04 1.081986265E-04
 2.813245228E-04 1.494076860E-04
 2.240786998E-04 1.686815958E-04
 1.622454874E-04 1.682455477E-04
 1.041641226E-04 1.506978588E-04
 5.535199671E-05 1.189799877E-04
 1.985646668E-05 7.637140516E-05
 1.798230187E-06 2.649367343E-05
 0.000000000E+00 0.000000000E+00
 0.000000000E+00 0.000000000E+00
 -1.664517299E-06 9.075009984E-06
 -5.192751632E-05 1.044158489E-04
 -1.675971725E-04 2.777899208E-04
 -3.520183673E-04 5.103010335E-04
 -6.118713645E-04 7.840112085E-04
 -9.535760619E-04 1.081670751E-03
 -1.381954527E-03 1.387069351E-03
 -1.899845316E-03 1.685395138E-03
 -2.508049598E-03 1.963621471E-03
 -3.208241658E-03 2.211024286E-03
 -4.808518104E-03 2.769567305E-03
 -7.441354450E-03 2.871619770E-03
 -9.706661105E-03 2.641634550E-03
 -1.147397235E-02 2.218964277E-03
 -1.272676699E-02 1.706261421E-03
 -1.351137739E-02 1.172261080E-03
 -1.390367374E-02 6.594327278E-04
 -1.398595981E-02 1.917297486E-04
 -1.383599732E-02 -2.190559462E-04
 -1.352380030E-02 -5.696213339E-04
 -1.272148173E-02 -1.107999356E-03
 -1.090411656E-02 -1.663873321E-03
 -8.817308582E-03 -1.935831388E-03
 -6.774241570E-03 -1.976824366E-03
 -4.947097506E-03 -1.849086373E-03
 -3.420306137E-03 -1.613441040E-03
 -2.214259701E-03 -1.321851625E-03
 -1.309156301E-03 -1.014032983E-03
 -6.643828237E-04 -7.177211228E-04
 -2.317683247E-04 -4.506076220E-04
 3.631458458E-05 -2.227019577E-04
 1.825857908E-04 -3.855300747E-05
 2.430099703E-04 1.009507032E-04
 2.465001890E-04 1.972296013E-04
 2.154669783E-04 2.530654892E-04
 1.667833130E-04 2.719652548E-04
 1.128370423E-04 2.577431151E-04
 6.264197873E-05 2.142377343E-04
 2.341620166E-05 1.451252465E-04
 2.324471097E-06 5.371989391E-05
 0.000000000E+00 0.000000000E+00
 0.000000000E+00 0.000000000E+00
 -4.534740583E-06 1.085767872E-04
 -9.807810420E-05 4.107397399E-04
 -3.029021609E-04 7.977571222E-04
 -6.154556759E-04 1.246179687E-03
 -1.038342249E-03 1.733363490E-03
 -1.574510359E-03 2.237237059E-03
 -2.224972472E-03 2.736863215E-03
 -2.988432068E-03 3.212902928E-03
 -3.861586098E-03 3.648143262E-03
 -4.843036644E-03 4.028023686E-03
 -6.974868942E-03 4.778010305E-03
 -1.032802928E-02 4.878935404E-03
 -1.317451987E-02 4.460554570E-03
 -1.538499724E-02 3.742438508E-03
 -1.695200242E-02 2.884884365E-03
 -1.793733612E-02 1.995504135E-03
 -1.843511686E-02 1.141174929E-03
 -1.854598336E-02 3.598066687E-04
 -1.836505905E-02 -3.301965189E-04
 -1.797888987E-02 -9.238137864E-04
 -1.699508354E-02 -1.809377805E-03
 -1.477314718E-02 -2.739497926E-03
 -1.219813805E-02 -3.221593332E-03
 -9.641576558E-03 -3.331817454E-03
 -7.315491326E-03 -3.165766364E-03
 -5.329839420E-03 -2.817908302E-03
 -3.719018539E-03 -2.369874856E-03
 -2.468484454E-03 -1.885130885E-03
 -1.536984462E-03 -1.408973592E-03
 -8.721235208E-04 -9.711150778E-04
 -4.202295386E-04 -5.891277688E-04
 -1.318845170E-04 -2.717848110E-04
 3.550445035E-05 -2.186521124E-05
 1.170151299E-04 1.616507652E-04
 1.406052470E-04 2.819855581E-04
 1.280562137E-04 3.434127721E-04
 9.608020628E-05 3.504593915E-04
 5.751463686E-05 3.073583648E-04
 2.298259460E-05 2.176849375E-04
 2.654845730E-06 8.397052443E-05
 0.000000000E+00 0.000000000E+00
 0.000000000E+00 0.000000000E+00
 -8.018719200E-06 2.838761429E-04
 -1.550219022E-04 9.322813712E-04
 -4.697632103E-04 1.655909349E-03
 -9.396911482E-04 2.426260151E-03
 -1.561780460E-03 3.215908771E-03
 -2.333948156E-03 3.998188768E-03
 -3.251694608E-03 4.747823812E-03
 -4.307848401E-03 5.441449583E-03
 -5.493468605E-03 6.058196537E-03
 -6.803122815E-03 6.580216344E-03
 -9.527002461E-03 7.505688816E-03
 -1.365061197E-02 7.543408312E-03
 -1.710732654E-02 6.852446590E-03
 -1.978055201E-02 5.742921494E-03
 -2.167718299E-02 4.439881537E-03
 -2.287629992E-02 3.094924614E-03
 -2.349055000E-02 1.803039690E-03
 -2.363860048E-02 6.185984239E-04
 -2.343256958E-02 -4.317380080E-04
 -2.297510952E-02 -1.340126968E-03
 -2.181657217E-02 -2.668935806E-03
 -1.920484938E-02 -4.083024338E-03
 -1.614676043E-02 -4.855929408E-03
 -1.306719333E-02 -5.087591242E-03
 -1.021738164E-02 -4.909484647E-03
 -7.734851912E-03 -4.453644156E-03
 -5.671523511E-03 -3.835839219E-03
 -4.022010136E-03 -3.147753654E-03
 -2.747999970E-03 -2.456312301E-03
 -1.795823802E-03 -1.806733664E-03
 -1.107960008E-03 -1.226985944E-03
 -6.297818618E-04 -7.322774618E-04
 -3.129528777E-04 -3.289848682E-04
 -1.166511720E-04 -1.778713340E-05
 -7.472958259E-06 2.039473766E-04
 4.136379357E-05 3.404383315E-04
 5.109187987E-05 3.962152987E-04
 3.862262747E-05 3.752598714E-04
 1.817960947E-05 2.804269607E-04
 2.842191634E-06 1.128081785E-04
 0.000000000E+00 0.000000000E+00
 0.000000000E+00 0.000000000E+00
 -1.240673737E-05 5.565151805E-04
 -2.257329470E-04 1.729505719E-03
 -6.758534582E-04 2.945453860E-03
 -1.338221715E-03 4.170194734E-03
 -2.202128991E-03 5.371494219E-03
 -3.258674406E-03 6.518541370E-03
 -4.496054258E-03 7.582528982E-03
 -5.899508949E-03 8.537150919E-03
 -7.453029510E-03 9.359182790E-03
 -9.146122262E-03 1.002899092E-02
 -1.253235433E-02 1.110167615E-02
 -1.749553159E-02 1.099230070E-02
 -2.161511593E-02 9.926088154E-03
 -2.479313128E-02 8.313841186E-03
 -2.705374360E-02 6.451155059E-03
 -2.849439532E-02 4.537755623E-03
 -2.924645506E-02 2.699822420E-03
 -2.944667451E-02 1.010580687E-03
 -2.922421135E-02 -4.933981691E-04
 -2.869801410E-02 -1.800432918E-03
 -2.736770548E-02 -3.681842703E-03
 -2.436817437E-02 -5.707415752E-03
 -2.081421576E-02 -6.871399004E-03
 -1.718255505E-02 -7.296410389E-03
 -1.376508456E-02 -7.150480058E-03
 -1.073007938E-02 -6.605729461E-03
 -8.150957525E-03 -5.815724377E-03
 -6.035441533E-03 -4.904540256E-03
 -4.351574928E-03 -3.964942414E-03
 -3.047088161E-03 -3.061524825E-03
 -2.062540967E-03 -2.236020984E-03
 -1.339340466E-03 -1.512914896E-03
 -8.241307223E-04 -9.044620674E-04
 -4.706725595E-04 -4.149164306E-04
 -2.401726524E-04 -4.370063834E-05
 -1.007571918E-04 2.120997233E-04
 -2.648204645E-05 3.559859178E-04
 3.886544619E-06 3.907488135E-04
 8.399640137E-06 3.176075697E-04
 2.921279702E-06 1.352606923E-04
 0.000000000E+00 0.000000000E+00
 0.000000000E+00 0.000000000E+00
 -1.810135473E-05 9.549591923E-04
 -3.144969232E-04 2.880602377E-03
 -9.323818958E-04 4.784835037E-03
 -1.830890658E-03 6.627792027E-03
 -2.988767810E-03 8.373127319E-03
 -4.387990572E-03 9.987129830E-03
 -6.007351447E-03 1.143914554E-02
 -7.822652347E-03 1.270192955E-02
 -9.809282608E-03 1.375210565E-02
 -1.195057295E-02 1.457064785E-02
 -1.607879810E-02 1.574882679E-02
 -2.196557261E-02 1.538876817E-02
 -2.682109363E-02 1.382697932E-02
 -3.056740016E-02 1.158430241E-02
 -3.324621916E-02 9.031863883E-03
 -3.497302905E-02 6.420892198E-03
 -3.589753807E-02 3.911715467E-03
 -3.617438301E-02 1.598795061E-03
 -3.595000878E-02 -4.694366653E-04
 -3.536033258E-02 -2.276181011E-03
 -3.386161104E-02 -4.838116467E-03
 -3.046963736E-02 -7.627492305E-03
 -2.639433183E-02 -9.309004992E-03
 -2.216514014E-02 -1.002471987E-02
 -1.811790280E-02 -9.977889247E-03
 -1.445612032E-02 -9.381783195E-03
 -1.127954293E-02 -8.430582471E-03
 -8.613497950E-03 -7.284736726E-03
 -6.436059717E-03 -6.067208014E-03
 -4.699210171E-03 -4.866345320E-03
 -3.343561431E-03 -3.741687629E-03
 -2.307852497E-03 -2.730489243E-03
 -1.534433686E-03 -1.853940776E-03
 -9.719856898E-04 -1.122337882E-03
 -5.764040397E-04 -5.392953753E-04
 -3.106243385E-04 -1.049344064E-04
 -1.438074833E-04 1.816560543E-04
 -5.010813766E-05 3.206708352E-04
 -7.372446817E-06 3.103215713E-04
 2.919734925E-06 1.454982994E-04
 0.000000000E+00 0.000000000E+00
 0.000000000E+00 0.000000000E+00
 -2.557936932E-05 1.516737160E-03
 -4.264021409E-04 4.486876540E-03
 -1.252629911E-03 7.325152401E-03
 -2.441130811E-03 9.987468831E-03
 -3.956272732E-03 1.243568305E-02
 -5.767946597E-03 1.463598013E-02
 -7.843033411E-03 1.655906066E-02
 -1.014579460E-02 1.818014868E-02
 -1.264140662E-02 1.947921328E-02
 -1.530578546E-02 2.044131048E-02
 -2.026405931E-02 2.166873589E-02
 -2.717030793E-02 2.093747444E-02
 -3.285345063E-02 1.874408685E-02
 -3.725317493E-02 1.572714560E-02
 -4.042642191E-02 1.233730279E-02
 -4.250444099E-02 8.880376816E-03
 -4.365368187E-02 5.553742871E-03
 -4.404580593E-02 2.475971822E-03
 -4.384451732E-02 -2.901718835E-04
 -4.320354015E-02 -2.720850287E-03
 -4.154623300E-02 -6.116523407E-03
 -3.775928542E-02 -9.855130687E-03
 -3.313212097E-02 -1.221529022E-02
 -2.824892662E-02 -1.335249934E-02
 -2.349420078E-02 -1.350150630E-02
 -1.911253110E-02 -1.291601732E-02
 -1.523609180E-02 -1.183273830E-02
 -1.191326044E-02 -1.045204420E-02
 -9.136752225E-03 -8.931723423E-03
 -6.866255775E-03 -7.388786878E-03
 -5.044958089E-03 -5.905321334E-03
 -3.610584186E-03 -4.535794258E-03
 -2.502212534E-03 -3.314136760E-03
 -1.663985197E-03 -2.260094509E-03
 -1.046710648E-03 -1.384316478E-03
 -6.081598694E-04 -6.925305352E-04
 -3.124515351E-04 -1.886792161E-04
 -1.288469794E-04 1.226900204E-04
 -3.075114000E-05 2.346987894E-04
 2.875158089E-06 1.362949406E-04
 0.000000000E+00 0.000000000E+00
 0.000000000E+00 0.000000000E+00
 -3.534542338E-05 2.289918019E-03
 -5.666148500E-04 6.676206365E-03
 -1.649890910E-03 1.075458713E-02
 -3.192237811E-03 1.448104065E-02
 -5.138754845E-03 1.782052778E-02
 -7.443717681E-03 2.074451745E-02
 -1.005913131E-02 2.323052660E-02
 -1.293543261E-02 2.526170574E-02
 -1.602594741E-02 2.682665177E-02
 -1.929781958E-02 2.791939862E-02
 -2.518006042E-02 2.912427485E-02
 -3.321015835E-02 2.788879350E-02
 -3.982992843E-02 2.491614968E-02
 -4.499105737E-02 2.096744999E-02
 -4.876028746E-02 1.657545753E-02
 -5.128014460E-02 1.210319903E-02
 -5.273031816E-02 7.788407151E-03
 -5.329738930E-02 3.777301405E-03
 -5.316153541E-02 1.504240499E-04
 -5.249483138E-02 -3.058417933E-03
 -5.070383102E-02 -7.473845500E-03
 -4.653380066E-02 -1.238932461E-02
 -4.133053496E-02 -1.563435048E-02
 -3.573461995E-02 -1.736820862E-02
 -3.018459678E-02 -1.785020903E-02
 -2.497326583E-02 -1.737141050E-02
 -2.027272806E-02 -1.621133089E-02
 -1.616150513E-02 -1.461326424E-02
 -1.265292987E-02 -1.277443301E-02
 -9.719195776E-03 -1.084589958E-02
 -7.309643086E-03 -8.937943727E-03
 -5.363521166E-03 -7.127554156E-03
 -3.818372265E-03 -5.466427188E-03
 -2.614897443E-03 -3.988143057E-03
 -1.699484070E-03 -2.714432310E-03
 -1.025074860E-03 -1.660224400E-03
 -5.508603062E-04 -8.377145859E-04
 -2.410402085E-04 -2.594523248E-04
 -6.425296306E-05 5.933906505E-05
 2.877952738E-06 9.834604862E-05
 0.000000000E+00 0.000000000E+00
 0.000000000E+00 0.000000000E+00
 -4.778680886E-05 3.333097091E-03
 -7.390581886E-04 9.602699429E-03
 -2.134210430E-03 1.529753022E-02
 -4.101603758E-03 2.038201503E-02
 -6.561452057E-03 2.483313903E-02
 -9.448364377E-03 2.863655426E-02
 -1.269634720E-02 3.178528324E-02
 -1.623969525E-02 3.427856416E-02
 -2.001821995E-02 3.612111881E-02
 -2.398901060E-02 3.732281551E-02
 -3.088966385E-02 3.841895238E-02
 -4.015079886E-02 3.654136881E-02
 -4.783169925E-02 3.263764828E-02
 -5.388637632E-02 2.759189717E-02
 -5.838289484E-02 2.201946266E-02
 -6.146753207E-02 1.634250581E-02
 -6.332723051E-02 1.084266230E-02
 -6.415937096E-02 5.698382854E-03
 -6.415841728E-02 1.012749621E-03
 -6.351439655E-02 -3.166117938E-03
 -6.164199114E-02 -8.828475140E-03
 -5.713241175E-02 -1.519992203E-02
 -5.135197192E-02 -1.959345303E-02
 -4.499671981E-02 -2.215775661E-02
 -3.856407478E-02 -2.316532284E-02
 -3.240293264E-02 -2.293794230E-02
 -2.673434280E-02 -2.179582603E-02
 -2.167595178E-02 -2.002669312E-02
 -1.726981252E-02 -1.787125319E-02
 -1.350738388E-02 -1.552025694E-02
 -1.034960244E-02 -1.311851572E-02
 -7.741401903E-03 -1.077205222E-02
 -5.621830933E-03 -8.556515910E-03
 -3.930384293E-03 -6.525264122E-03
 -2.610591473E-03 -4.716562573E-03
 -1.611687243E-03 -3.159776330E-03
 -8.886332507E-04 -1.880397438E-03
 -4.008527612E-04 -9.040191653E-04
 -1.120989036E-04 -2.593409736E-04
 2.981710168E-06 1.882959259E-05
 0.000000000E+00 0.000000000E+00
 0.000000000E+00 0.000000000E+00
 -6.300912355E-05 4.713048227E-03
 -9.449479403E-04 1.344128605E-02
 -2.708378248E-03 2.120671980E-02
 -5.173256621E-03 2.799593285E-02
 -8.229026571E-03 3.381201997E-02
 -1.178670395E-02 3.866849095E-02
 -1.575950906E-02 4.258662835E-02
 -2.006364986E-02 4.559321702E-02
 -2.462409995E-02 4.771920666E-02
 -2.938626334E-02 4.899934307E-02
 -3.739086539E-02 4.988998920E-02
 -4.798378050E-02 4.724079370E-02
 -5.686158687E-02 4.226179793E-02
 -6.396609545E-02 3.595610335E-02
 -6.935488433E-02 2.901911363E-02
 -7.316723466E-02 2.193292603E-02
 -7.558812946E-02 1.502667740E-02
 -7.681865245E-02 8.516541682E-03
 -7.706278563E-02 2.534423256E-03
 -7.652632147E-02 -2.851441503E-03
 -7.466930896E-02 -1.003807317E-02
 -6.991857290E-02 -1.820402965E-02
 -6.360751390E-02 -2.408034168E-02
 -5.648104101E-02 -2.778470889E-02
 -4.909780249E-02 -2.958538942E-02
 -4.187018052E-02 -2.982307412E-02
 -3.507819027E-02 -2.885258943E-02
 -2.888954617E-02 -2.700492367E-02
 -2.338553593E-02 -2.456685901E-02
 -1.858656853E-02 -2.177406289E-02
 -1.447325386E-02 -1.881245524E-02
 -1.100296434E-02 -1.582454517E-02
 -8.121657185E-03 -1.291757915E-02
 -5.771872588E-03 -1.017227955E-02
 -3.897644114E-03 -7.650950458E-03
 -2.447084291E-03 -5.404709838E-03
 -1.372900326E-03 -3.479799721E-03
 -6.310023018E-04 -1.922592055E-03
 -1.810184622E-04 -7.834769785E-04
 3.153208354E-06 -1.205672525E-04
 0.000000000E+00 0.000000000E+00
 0.000000000E+00 0.000000000E+00
 -7.921442011E-05 6.498381030E-03
 -1.180944848E-03 1.837192848E-02
 -3.365135752E-03 2.873862535E-02
 -6.391470321E-03 3.762799501E-02
 -1.011358947E-02 4.509041831E-02
 -1.441673469E-02 5.118741095E-02
 -1.919218525E-02 5.598643050E-02
 -2.433774062E-02 5.955689773E-02
 -2.976318449E-02 6.196799129E-02
 -3.540077806E-02 6.328915060E-02
 -4.457114264E-02 6.387530267E-02
 -5.657488480E-02 6.035936251E-02
 -6.678711623E-02 5.418948084E-02
 -7.511623949E-02 4.648077115E-02
 -8.159554750E-02 3.800358251E-02
 -8.634360880E-02 2.929907851E-02
 -8.953070641E-02 2.074727602E-02
 -9.135103226E-02 1.260823198E-02
 -9.201023728E-02 5.050940439E-03
 -9.172392637E-02 -1.827809843E-03
 -9.004656971E-02 -1.086863875E-02
 -8.523567021E-02 -2.122753114E-02
 -7.852076739E-02 -2.900258638E-02
 -7.067845017E-02 -3.425196186E-02
 -6.232576445E-02 -3.721338138E-02
 -5.394367129E-02 -3.822654486E-02
 -4.588085040E-02 -3.766829520E-02
 -3.836705163E-02 -3.590673581E-02
 -3.153591603E-02 -3.327426314E-02
 -2.544919029E-02 -3.005485982E-02
 -2.011881024E-02 -2.648205496E-02
 -1.552479435E-02 -2.274292707E-02
 -1.162894815E-02 -1.898557507E-02
 -8.384503424E-03 -1.532780845E-02
 -5.742513575E-03 -1.186601073E-02
 -3.655500477E-03 -8.683452383E-03
 -2.078362741E-03 -5.857668817E-03
 -9.668300045E-04 -3.466884838E-03
 -2.790175495E-04 -1.595321344E-03
 6.831336123E-06 -3.400087298E-04
 0.000000000E+00 0.000000000E+00
 0.000000000E+00 0.000000000E+00
 -1.288200292E-04 8.795274422E-03
 -1.503955456E-03 2.461032011E-02
 -4.153225571E-03 3.815393895E-02
 -7.776041981E-03 4.956239834E-02
 -1.219217479E-02 5.896598473E-02
 -1.726308651E-02 6.649815291E-02
 -2.286115289E-02 7.229319960E-02
 -2.887011878E-02 7.647956163E-02
 -3.518997505E-02 7.917389274E-02
 -4.174672440E-02 8.048053831E-02
 -5.211817473E-02 8.062993735E-02
 -6.558845937E-02 7.623568177E-02
 -7.726468891E-02 6.883539259E-02
 -8.699870855E-02 5.964779481E-02
 -9.478984028E-02 4.950626940E-02
 -1.007218510E-01 3.900575265E-02
 -1.049346998E-01 2.857781574E-02
 -1.076013371E-01 1.853151619E-02
 -1.089184135E-01 9.081562050E-03
 -1.091040969E-01 3.678928479E-04
 -1.078628674E-01 -1.092114206E-02
 -1.033022404E-01 -2.391141281E-02
 -9.643796086E-02 -3.408646956E-02
 -8.804961294E-02 -4.140610993E-02
 -7.880286872E-02 -4.603812471E-02
 -6.924758852E-02 -4.828850552E-02
 -5.980849266E-02 -4.853125289E-02
 -5.078988522E-02 -4.715537652E-02
 -4.239271581E-02 -4.453005642E-02
 -3.473596647E-02 -4.098539799E-02
 -2.787841484E-02 -3.680523857E-02
 -2.183720469E-02 -3.222788498E-02
 -1.660311595E-02 -2.745188959E-02
 -1.215181872E-02 -2.264404669E-02
 -8.451783098E-03 -1.794853248E-02
 -5.469051190E-03 -1.349615026E-02
 -3.168489784E-03 -9.412673302E-03
 -1.511642942E-03 -5.826222245E-03
 -4.598755040E-04 -2.872813260E-03
 -2.241328730E-06 -7.039567572E-04
 0.000000000E+00 0.000000000E+00
 0.000000000E+00 0.000000000E+00
 -2.495421541E-05 1.063090656E-02
 -1.464144560E-03 2.956068143E-02
 -4.385292530E-03 4.561968893E-02
 -8.413657546E-03 5.902434140E-02
 -1.334416866E-02 6.997880340E-02
 -1.900791191E-02 7.868153602E-02
 -2.525380068E-02 8.532309532E-02
 -3.195313364E-02 9.008184820E-02
 -3.899566829E-02 9.311909229E-02
 -4.627247900E-02 9.457671642E-02
 -5.772124976E-02 9.475255758E-02
 -7.230083644E-02 8.990466595E-02
 -8.520652354E-02 8.178033680E-02
 -9.620015323E-02 7.163992524E-02
 -1.052483469E-01 6.034153327E-02
 -1.123953164E-01 4.850738868E-02
 -1.177426428E-01 3.660356253E-02
 -1.214303672E-01 2.497956343E-02
 -1.236289367E-01 1.389352232E-02
 -1.245529875E-01 3.534164978E-03
 -1.241732836E-01 -9.904826991E-03
 -1.204165369E-01 -2.540777065E-02
 -1.139569134E-01 -3.807156160E-02
 -1.055577919E-01 -4.770482704E-02
 -9.589807689E-02 -5.436938256E-02
 -8.556957543E-02 -5.829473212E-02
 -7.505620271E-02 -5.980810151E-02
 -6.473008543E-02 -5.927891284E-02
 -5.486118048E-02 -5.707898363E-02
 -4.563429579E-02 -5.355807021E-02
 -3.716783226E-02 -4.903143272E-02
 -2.953201719E-02 -4.377684742E-02
 -2.276405878E-02 -3.803764656E-02
 -1.688051224E-02 -3.202969581E-02
 -1.188608445E-02 -2.595034242E-02
 -7.778943051E-03 -1.998796500E-02
 -4.551791120E-03 -1.433166303E-02
 -2.187925158E-03 -9.179360233E-03
 -6.655756151E-04 -4.743577912E-03
 -1.052190370E-07 -1.257927041E-03
 0.000000000E+00 0.000000000E+00
 0.000000000E+00 0.000000000E+00
 -9.965735808E-05 1.157093514E-02
 -1.631994033E-03 3.230040893E-02
 -4.680098034E-03 4.990541190E-02
 -8.886849508E-03 6.459030509E-02
 -1.405050326E-02 7.658636570E-02
 -2.000019699E-02 8.612187207E-02
 -2.657954209E-02 9.341482073E-02
 -3.365568444E-02 9.866853803E-02
 -4.111448675E-02 1.020672619E-01
 -4.883336648E-02 1.037743017E-01
 -6.083675846E-02 1.040693969E-01
 -7.612691820E-02 9.926345199E-02
 -8.988241851E-02 9.101060033E-02
 -1.018301025E-01 8.054345846E-02
 -1.119073331E-01 6.871923804E-02
 -1.201254800E-01 5.616493896E-02
 -1.265492141E-01 4.336011037E-02
 -1.312810779E-01 3.067666106E-02
 -1.344548911E-01 1.839998178E-02
 -1.362477839E-01 6.743875332E-03
 -1.369421482E-01 -8.335019462E-03
 -1.344742328E-01 -2.592717484E-02
 -1.290749907E-01 -4.082847387E-02
 -1.214153469E-01 -5.272862688E-02
 -1.121225730E-01 -6.157330424E-02
 -1.017693728E-01 -6.748584658E-02
 -9.084935486E-02 -7.070462406E-02
 -7.976665348E-02 -7.153134793E-02
 -6.883858889E-02 -7.029177248E-02
 -5.830675736E-02 -6.730896235E-02
 -4.835159332E-02 -6.288915873E-02
 -3.910730034E-02 -5.731575564E-02
 -3.067580797E-02 -5.085083470E-02
 -2.313837782E-02 -4.374156892E-02
 -1.656409726E-02 -3.622950613E-02
 -1.101488154E-02 -2.856151760E-02
 -6.544922944E-03 -2.100131661E-02
 -3.192968667E-03 -1.383962017E-02
 -9.865791071E-04 -7.401152980E-03
 -2.857792197E-06 -2.054416575E-03
 0.000000000E+00 0.000000000E+00
 0.000000000E+00 0.000000000E+00
 -1.116276835E-04 1.270521898E-02
 -1.742775436E-03 3.543636203E-02
 -4.947092384E-03 5.474949256E-02
 -9.355556220E-03 7.086014003E-02
 -1.476419624E-02 8.402146399E-02
 -2.100178413E-02 9.449034184E-02
 -2.790987119E-02 1.025141031E-01
 -3.535278514E-02 1.083236784E-01
 -4.321271181E-02 1.121282429E-01
 -5.136016011E-02 1.141116917E-01
 -6.387036294E-02 1.145907715E-01
 -7.984381914E-02 1.098714024E-01
 -9.441735595E-02 1.015362889E-01
 -1.073116884E-01 9.078798443E-02
 -1.184422225E-01 7.847328484E-02
 -1.277894080E-01 6.521616131E-02
 -1.353808641E-01 5.150143057E-02
 -1.412806213E-01 3.771563992E-02
 -1.455840021E-01 2.416637167E-02
 -1.484287232E-01 1.109518483E-02
 -1.504304409E-01 -5.714385305E-03
 -1.495366544E-01 -2.552667819E-02
 -1.455321610E-01 -4.288422316E-02
 -1.389753819E-01 -5.736739933E-02
 -1.304205358E-01 -6.880004704E-02
 -1.203958988E-01 -7.718503475E-02
 -1.093786433E-01 -8.264967799E-02
 -9.778062999E-02 -8.539960533E-02
 -8.594647050E-02 -8.568163961E-02
 -7.415988296E-02 -8.375771344E-02
 -6.265477836E-02 -7.988930494E-02
 -5.162813514E-02 -7.433147728E-02
 -4.125319421E-02 -6.733441353E-02
 -3.169071674E-02 -5.915140733E-02
 -2.309792116E-02 -5.005122721E-02
 -1.563281193E-02 -4.033341631E-02
 -9.450999089E-03 -3.034524806E-02
 -4.691482987E-03 -2.049650624E-02
 -1.479215571E-03 -1.126960106E-02
 -1.167569644E-05 -3.234520089E-03
 0.000000000E+00 0.000000000E+00
 0.000000000E+00 0.000000000E+00
 -1.179508617E-04 1.400555018E-02
 -1.826961408E-03 3.902205080E-02
 -5.178236403E-03 6.025838479E-02
 -9.783378802E-03 7.796618342E-02
 -1.542914473E-02 9.243015945E-02
 -2.194126323E-02 1.039406806E-01
 -2.915887907E-02 1.127783880E-01
 -3.694417328E-02 1.192055196E-01
 -4.517719522E-02 1.234591827E-01
 -5.372769758E-02 1.257457733E-01
 -6.666839123E-02 1.264355183E-01
 -8.321379870E-02 1.218648627E-01
 -9.851064533E-02 1.135187522E-01
 -1.122838482E-01 1.025670469E-01
 -1.244346499E-01 8.983470500E-02
 -1.349184215E-01 7.593163848E-02
 -1.437292248E-01 6.133779138E-02
 -1.508935243E-01 4.644539952E-02
 -1.564670652E-01 3.157786652E-02
 -1.605421156E-01 1.700157672E-02
 -1.640584618E-01 -1.603895100E-03
 -1.650283635E-01 -2.371054888E-02
 -1.627997607E-01 -4.370152205E-02
 -1.577941626E-01 -6.106765568E-02
 -1.504654437E-01 -7.551468164E-02
 -1.412660182E-01 -8.691657335E-02
 -1.306224316E-01 -9.527058899E-02
 -1.189208329E-01 -1.006575003E-01
 -1.065021604E-01 -1.032088771E-01
 -9.366579354E-02 -1.030826122E-01
 -8.067861199E-02 -1.004478335E-01
 -6.778748333E-02 -9.548014402E-02
 -5.523306504E-02 -8.836574107E-02
 -4.326372966E-02 -7.931420207E-02
 -3.214649484E-02 -6.857863069E-02
 -2.217371762E-02 -5.648251995E-02
 -1.365757920E-02 -4.344938695E-02
 -6.906345487E-03 -3.003034368E-02
 -2.223493997E-03 -1.692284271E-02
 -2.835033047E-05 -4.992862232E-03
 0.000000000E+00 0.000000000E+00
 0.000000000E+00 0.000000000E+00
 -1.227921312E-04 1.547916327E-02
 -1.892798464E-03 4.308794066E-02
 -5.367059726E-03 6.649041176E-02
 -1.014300622E-02 8.598345518E-02
 -1.599629410E-02 1.018943936E-01
 -2.274700254E-02 1.145554930E-01
 -3.023091517E-02 1.242878735E-01
 -3.830797225E-02 1.313911080E-01
 -4.685745016E-02 1.361354738E-01
 -5.575146899E-02 1.387547255E-01
 -6.899125874E-02 1.396814138E-01
 -8.590759337E-02 1.353263259E-01
 -1.017418504E-01 1.270558238E-01
 -1.162356213E-01 1.160030812E-01
 -1.292850971E-01 1.029599383E-01
 -1.408290863E-01 8.851033449E-02
 -1.508348584E-01 7.311731577E-02
 -1.592953652E-01 5.716709420E-02
 -1.662273556E-01 4.098882526E-02
 -1.716732085E-01 2.486585639E-02
 -1.768599749E-01 4.472890403E-03
 -1.799388379E-01 -1.988408715E-02
 -1.798594445E-01 -4.257444292E-02
 -1.768907458E-01 -6.302831322E-02
 -1.713618189E-01 -8.085192740E-02
 -1.636176854E-01 -9.579644352E-02
 -1.539968699E-01 -1.077222675E-01
 -1.428185552E-01 -1.165661663E-01
 -1.303776503E-01 -1.223122925E-01
 -1.169471517E-01 -1.249694675E-01
 -1.027876586E-01 -1.245575026E-01
 -8.816144615E-02 -1.211030632E-01
 -7.335114479E-02 -1.146477982E-01
 -5.867987126E-02 -1.052693874E-01
 -4.453180358E-02 -9.311655909E-02
 -3.136778623E-02 -7.845796645E-02
 -1.972393692E-02 -6.174289435E-02
 -1.017986238E-02 -4.366055876E-02
 -3.352433909E-03 -2.518470585E-02
 -6.073822442E-05 -7.613400929E-03
 0.000000000E+00 0.000000000E+00
 0.000000000E+00 0.000000000E+00
 -1.267323823E-04 1.713640429E-02
 -1.940182177E-03 4.765796661E-02
 -5.503832828E-03 7.348181307E-02
 -1.040603500E-02 9.495580941E-02
 -1.641210169E-02 1.124588475E-01
 -2.333555929E-02 1.263748556E-01
 -3.100783937E-02 1.370743513E-01
 -3.928609192E-02 1.449023634E-01
 -4.804962128E-02 1.501697600E-01
 -5.717503652E-02 1.531445980E-01
 -7.050326467E-02 1.543220580E-01
 -8.747542650E-02 1.502442360E-01
 -1.035363972E-01 1.421444565E-01
 -1.184613034E-01 1.311147362E-01
 -1.321539283E-01 1.179037020E-01
 -1.445489079E-01 1.030573621E-01
 -1.555976421E-01 8.700803667E-02
 -1.652679741E-01 7.012191415E-02
 -1.735426188E-01 5.271965265E-02
 -1.804146022E-01 3.508826718E-02
 -1.873209774E-01 1.303222496E-02
 -1.926335543E-01 -1.334729884E-02
 -1.949925870E-01 -3.861305118E-02
 -1.945128888E-01 -6.217667460E-02
 -1.913839430E-01 -8.358102292E-02
 -1.858185530E-01 -1.024800912E-01
 -1.780326515E-01 -1.186105683E-01
 -1.682357043E-01 -1.317640245E-01
 -1.566267014E-01 -1.417601854E-01
 -1.433969587E-01 -1.484239399E-01
 -1.287412047E-01 -1.515696943E-01
 -1.128756478E-01 -1.509953737E-01
 -9.606512636E-02 -1.464915127E-01
 -7.865684479E-02 -1.378693879E-01
 -6.112103164E-02 -1.250152439E-01
 -4.409231618E-02 -1.079773307E-01
 -2.839171700E-02 -8.708529919E-02
 -1.500230003E-02 -6.308604777E-02
 -5.069422070E-03 -3.726251796E-02
 -1.236392854E-04 -1.152804960E-02
 0.000000000E+00 0.000000000E+00
 0.000000000E+00 0.000000000E+00
 -1.291122317E-04 1.898238994E-02
 -1.964736730E-03 5.274396762E-02
 -5.574887153E-03 8.124635369E-02
 -1.054148003E-02 1.048929989E-01
 -1.661960036E-02 1.241226420E-01
 -2.361493185E-02 1.393808424E-01
 -3.135320544E-02 1.510981768E-01
 -3.968844190E-02 1.596757621E-01
 -4.849980399E-02 1.654741764E-01
 -5.767029896E-02 1.688043177E-01
 -7.076838613E-02 1.702141315E-01
 -8.733082563E-02 1.664503366E-01
 -1.031415910E-01 1.586098373E-01
 -1.180296913E-01 1.477388144E-01
 -1.319230795E-01 1.345341355E-01
 -1.447680891E-01 1.194926277E-01
 -1.565156728E-01 1.030027568E-01
 -1.671225429E-01 8.539448678E-02
 -1.765484959E-01 6.696283072E-02
 -1.847448349E-01 4.798058048E-02
 -1.932331771E-01 2.455531619E-02
 -2.006813139E-01 -3.367253579E-03
 -2.055710852E-01 -3.080486879E-02
 -2.078807652E-01 -5.720553175E-02
 -2.076627016E-01 -8.210395277E-02
 -2.049884796E-01 -1.051061228E-01
 -1.999304891E-01 -1.258655936E-01
 -1.925553232E-01 -1.440573186E-01
 -1.829201132E-01 -1.593499035E-01
 -1.710757315E-01 -1.713776737E-01
 -1.570780128E-01 -1.797167212E-01
 -1.410104632E-01 -1.838686466E-01
 -1.230202690E-01 -1.832584739E-01
 -1.033720821E-01 -1.772585660E-01
 -8.252158016E-02 -1.652540416E-01
 -6.120838225E-02 -1.467732936E-01
 -4.054196179E-02 -1.217024028E-01
 -2.203708887E-02 -9.057715535E-02
 -7.679098751E-03 -5.489554256E-02
 -2.463604033E-04 -1.739042811E-02
 0.000000000E+00 0.000000000E+00
 0.000000000E+00 0.000000000E+00
 -1.294570393E-04 2.101590671E-02
 -1.965393545E-03 5.834182352E-02
 -5.576076917E-03 8.976861089E-02
 -1.053449977E-02 1.157575026E-01
 -1.658151299E-02 1.368153691E-01
 -2.351105772E-02 1.534612179E-01
 -3.114058264E-02 1.661991924E-01
 -3.931947425E-02 1.754996479E-01
 -4.792711511E-02 1.817855388E-01
 -5.685488507E-02 1.854212284E-01
 -6.926481426E-02 1.869836003E-01
 -8.476444334E-02 1.835124791E-01
 -9.964028001E-02 1.759849042E-01
 -1.137980819E-01 1.653962433E-01
 -1.272089034E-01 1.523859054E-01
 -1.398495883E-01 1.373931468E-01
 -1.516898125E-01 1.207505837E-01
 -1.626936793E-01 1.027371436E-01
 -1.728156507E-01 8.360392600E-02
 -1.819821447E-01 6.358902156E-02
 -1.916297674E-01 3.930991888E-02
 -2.007725686E-01 1.063383743E-02
 -2.079431564E-01 -1.820537075E-02
 -2.130232304E-01 -4.675401375E-02
 -2.159542590E-01 -7.460905612E-02
 -2.166829407E-01 -1.014012471E-01
 -2.151438445E-01 -1.267725229E-01
 -2.112529427E-01 -1.503487378E-01
 -2.049025744E-01 -1.717063636E-01
 -1.959607601E-01 -1.903343648E-01
 -1.842795461E-01 -2.055923641E-01
 -1.697153300E-01 -2.166695744E-01
 -1.521697640E-01 -2.225502431E-01
 -1.316596717E-01 -2.220019102E-01
 -1.084303409E-01 -2.136154175E-01
 -8.312470466E-02 -1.959468722E-01
 -5.699215084E-02 -1.678336263E-01
 -3.209617361E-02 -1.289416850E-01
 -1.162752043E-02 -8.051441610E-02
 -4.901154898E-04 -2.618318424E-02
 0.000000000E+00 0.000000000E+00
 0.000000000E+00 0.000000000E+00
 -1.285639009E-04 2.323458530E-02
 -1.956310589E-03 6.444425881E-02
 -5.541265011E-03 9.901620448E-02
 -1.043099537E-02 1.274675578E-01
 -1.633798517E-02 1.503842324E-01
 -2.303448878E-02 1.683759242E-01
 -3.032418154E-02 1.820400804E-01
 -3.805001453E-02 1.919357479E-01
 -4.609278589E-02 1.985654533E-01
 -5.435642600E-02 2.023617774E-01
 -6.544870138E-02 2.038893551E-01
 -7.901519537E-02 2.005823702E-01
 -9.203307331E-02 1.933428794E-01
 -1.045078412E-01 1.831106395E-01
 -1.164733917E-01 1.704640388E-01
 -1.279558986E-01 1.557799131E-01
 -1.389637887E-01 1.393276900E-01
 -1.494893134E-01 1.213235632E-01
 -1.595034450E-01 1.019593179E-01
 -1.689323634E-01 8.141905814E-02
 -1.789417714E-01 5.705208704E-02
 -1.888946295E-01 2.873864397E-02
 -1.976085007E-01 -3.176548926E-04
 -2.049281746E-01 -2.982245758E-02
 -2.107373029E-01 -5.950347334E-02
 -2.149043083E-01 -8.910328150E-02
 -2.172686905E-01 -1.183491573E-01
 -2.176309079E-01 -1.469237357E-01
 -2.157413512E-01 -1.744245440E-01
 -2.112906873E-01 -2.003106177E-01
 -2.039060444E-01 -2.238356620E-01
 -1.931580007E-01 -2.439653426E-01
 -1.785887927E-01 -2.592817545E-01
 -1.597797126E-01 -2.678861022E-01
 -1.364867091E-01 -2.673333883E-01
 -1.088846028E-01 -2.546776831E-01
 -7.794253528E-02 -2.267812043E-01
 -4.596095905E-02 -1.811234802E-01
 -1.754056662E-02 -1.173272431E-01
 -9.897056734E-04 -3.937295079E-02
 0.000000000E+00 0.000000000E+00
 0.000000000E+00 0.000000000E+00
 -1.309873333E-04 2.565766871E-02
 -1.994305290E-03 7.109755278E-02
 -5.608301144E-03 1.090033874E-01
 -1.044063363E-02 1.399443150E-01
 -1.613773219E-02 1.646089852E-01
 -2.242898755E-02 1.837320626E-01
 -2.909554169E-02 1.980400681E-01
 -3.597423434E-02 2.082134038E-01
 -4.295346886E-02 2.148609459E-01
 -4.995951802E-02 2.185045928E-01
 -5.890323222E-02 2.196357101E-01
 -6.943792850E-02 2.161952257E-01
 -7.943233848E-02 2.090874314E-01
 -8.901266754E-02 1.991877854E-01
 -9.829289466E-02 1.870103925E-01
 -1.073633134E-01 1.728680134E-01
 -1.162867472E-01 1.569643617E-01
 -1.251012087E-01 1.394476742E-01
 -1.338135302E-01 1.204418987E-01
 -1.423775703E-01 1.000643820E-01
 -1.515453458E-01 7.659722120E-02
 -1.609658301E-01 5.001272634E-02
 -1.699375063E-01 2.227733284E-02
 -1.783206016E-01 -6.503770594E-03
 -1.860060394E-01 -3.624883667E-02
 -1.928656548E-01 -6.688241661E-02
 -1.987221837E-01 -9.831528366E-02
 -2.033455223E-01 -1.304119825E-01
 -2.064314932E-01 -1.629448235E-01
 -2.075773478E-01 -1.955282986E-01
 -2.062562853E-01 -2.275257409E-01
 -2.017940283E-01 -2.579180598E-01
 -1.933579296E-01 -2.851236463E-01
 -1.799801588E-01 -3.067622483E-01
 -1.606600434E-01 -3.193735480E-01
 -1.346202940E-01 -3.181595206E-01
 -1.018059477E-01 -2.969600856E-01
 -6.383337080E-02 -2.489650846E-01
 -2.622477710E-02 -1.690943092E-01
 -2.057649195E-03 -5.913559720E-02
 0.000000000E+00 0.000000000E+00
 0.000000000E+00 0.000000000E+00
 -1.529942820E-04 2.840049379E-02
 -2.251869766E-03 7.857866585E-02
 -6.183156278E-03 1.199886426E-01
 -1.117821224E-02 1.532684118E-01
 -1.672829315E-02 1.792854816E-01
 -2.248263545E-02 1.989844441E-01
 -2.819404006E-02 2.132972479E-01
 -3.370602801E-02 2.230861187E-01
 -3.893700987E-02 2.291102409E-01
 -4.386198893E-02 2.320098728E-01
 -4.959067702E-02 2.321256399E-01
 -5.577838793E-02 2.280266583E-01
 -6.137338653E-02 2.207173705E-01
 -6.663869321E-02 2.109877169E-01
 -7.177890837E-02 1.992784142E-01
 -7.695458829E-02 1.858352572E-01
 -8.228877932E-02 1.707964540E-01
 -8.787139505E-02 1.542439610E-01
 -9.375489503E-02 1.362341791E-01
 -9.994115680E-02 1.168164164E-01
 -1.067615598E-01 9.533521533E-02
 -1.140174270E-01 7.188227028E-02
 -1.215183735E-01 4.712685943E-02
 -1.291963011E-01 2.099969052E-02
 -1.370003074E-01 -6.610638462E-03
 -1.448650807E-01 -3.583770245E-02
 -1.526986212E-01 -6.683069468E-02
 -1.603581607E-01 -9.972809255E-02
 -1.676268876E-01 -1.346191466E-01
 -1.741780043E-01 -1.714804918E-01
 -1.795247942E-01 -2.100722939E-01
 -1.829561144E-01 -2.497746050E-01
 -1.834580600E-01 -2.893279195E-01
 -1.796384454E-01 -3.264351189E-01
 -1.696985513E-01 -3.571728170E-01
 -1.515497267E-01 -3.751854300E-01
 -1.232257709E-01 -3.707672358E-01
 -8.404439688E-02 -3.304327428E-01
 -3.847174719E-02 -2.389881611E-01
 -4.407748580E-03 -8.865144104E-02
 0.000000000E+00 0.000000000E+00
 0.000000000E+00 0.000000000E+00
 -2.477668750E-04 3.190783411E-02
 -3.221077612E-03 8.789478987E-02
 -8.344205096E-03 1.329655051E-01
 -1.419849787E-02 1.680085510E-01
 -1.993936487E-02 1.943431795E-01
 -2.509728633E-02 2.133552134E-01
 -2.942348272E-02 2.263510823E-01
 -3.282456845E-02 2.344872206E-01
 -3.531428054E-02 2.387388945E-01
 -3.697772697E-02 2.398974895E-01
 -3.809659928E-02 2.380730808E-01
 -3.838660195E-02 2.325641662E-01
 -3.802336380E-02 2.245575935E-01
 -3.740793094E-02 2.147131711E-01
 -3.683320805E-02 2.033720762E-01
 -3.652231768E-02 1.907004267E-01
 -3.664855659E-02 1.767681241E-01
 -3.734454885E-02 1.615940779E-01
 -3.870107979E-02 1.451738626E-01
 -4.077198729E-02 1.274968088E-01
 -4.369657114E-02 1.089766771E-01
 -4.725517333E-02 8.976784348E-02
 -5.152495578E-02 6.937213242E-02
 -5.649806187E-02 4.760796204E-02
 -6.220665202E-02 2.423987165E-02
 -6.869067997E-02 -1.023718389E-03
 -7.598970085E-02 -2.852714248E-02
 -8.413401991E-02 -5.866607279E-02
 -9.312608093E-02 -9.187516570E-02
 -1.029064208E-01 -1.285962611E-01
 -1.132984236E-01 -1.692077965E-01
 -1.239197031E-01 -2.138847858E-01
 -1.340422332E-01 -2.623310387E-01
 -1.423877329E-01 -3.132824004E-01
 -1.468671113E-01 -3.636320829E-01
 -1.443249285E-01 -4.069397151E-01
 -1.304475367E-01 -4.310428798E-01
 -1.004982069E-01 -4.148168564E-01
 -5.409502611E-02 -3.263453543E-01
 -9.463929571E-03 -1.323415935E-01
 0.000000000E+00 0.000000000E+00
 0.000000000E+00 0.000000000E+00
 -7.924003294E-04 3.791072965E-02
 -6.693386938E-03 1.023654491E-01
 -1.530999038E-02 1.510975510E-01
 -2.352248318E-02 1.862426698E-01
 -2.990513854E-02 2.104117572E-01
 -3.401377797E-02 2.260051370E-01
 -3.582912683E-02 2.350547314E-01
 -3.553699702E-02 2.391988486E-01
 -3.342003748E-02 2.397067100E-01
 -2.980235405E-02 2.375343591E-01
 -2.422595583E-02 2.325039804E-01
 -1.663673483E-02 2.246661931E-01
 -8.457901888E-03 2.153762132E-01
 -1.999124943E-04 2.050804496E-01
 7.779244799E-03 1.939671338E-01
 1.522135269E-02 1.820932031E-01
 2.193044312E-02 1.694479734E-01
 2.775701508E-02 1.559867710E-01
 3.259539604E-02 1.416511536E-01
 3.635652736E-02 1.263810992E-01
 3.856681287E-02 1.115115508E-01
 3.964446113E-02 9.710627049E-02
 3.983364254E-02 8.180527389E-02
 3.911609203E-02 6.540120393E-02
 3.741101176E-02 4.763102904E-02
 3.460444883E-02 2.816940658E-02
 3.054543212E-02 6.615467835E-03
 2.503903955E-02 -1.752505265E-02
 1.784356683E-02 -4.486181960E-02
 8.678073063E-03 -7.614213228E-02
 -2.756367670E-03 -1.122608781E-01
 -1.672350802E-02 -1.542429328E-01
 -3.333289921E-02 -2.031278610E-01
 -5.230244622E-02 -2.596232891E-01
 -7.251155376E-02 -3.232416511E-01
 -9.121918678E-02 -3.903583586E-01
 -1.029029712E-01 -4.501888752E-01
 -9.848880023E-02 -4.772374630E-01
 -6.875590980E-02 -4.199689627E-01
 -1.941496693E-02 -1.955361515E-01
 0.000000000E+00 0.000000000E+00
 0.000000000E+00 0.000000000E+00
 -2.654702868E-03 5.100441724E-02
 -1.762172766E-02 1.285383552E-01
 -3.499261662E-02 1.787431836E-01
 -4.736092687E-02 2.087269723E-01
 -5.305514485E-02 2.247146517E-01
 -5.278040841E-02 2.313922495E-01
 -4.770810530E-02 2.320177108E-01
 -3.895417601E-02 2.287703753E-01
 -2.746799216E-02 2.230825871E-01
 -1.404737215E-02 2.158900350E-01
 2.268013544E-03 2.067755610E-01
 2.094026655E-02 1.962879747E-01
 3.960253671E-02 1.856830716E-01
 5.777703971E-02 1.750680059E-01
 7.513107359E-02 1.644188911E-01
 9.144766629E-02 1.536546648E-01
 1.065707281E-01 1.426730752E-01
 1.203816235E-01 1.313686967E-01
 1.327955723E-01 1.196430475E-01
 1.437206119E-01 1.074054837E-01
 1.515917033E-01 9.656122327E-02
 1.572124064E-01 8.697700500E-02
 1.620278209E-01 7.682373375E-02
 1.660204530E-01 6.592613459E-02
 1.691012979E-01 5.407359824E-02
 1.711339802E-01 4.101056233E-02
 1.719206572E-01 2.642097324E-02
 1.711806804E-01 9.905243292E-03
 1.685256213E-01 -9.051249363E-03
 1.634390503E-01 -3.112369962E-02
 1.552421451E-01 -5.722283944E-02
 1.430588663E-01 -8.859959990E-02
 1.258177012E-01 -1.269917190E-01
 1.023158506E-01 -1.747678369E-01
 7.147944719E-02 -2.348375916E-01
 3.318588436E-02 -3.095231056E-01
 -9.679605253E-03 -3.962318599E-01
 -4.804296792E-02 -4.756484926E-01
 -6.497703493E-02 -4.861105680E-01
 -3.516084701E-02 -2.786765397E-01
 0.000000000E+00 0.000000000E+00
 0.000000000E+00 0.000000000E+00
 -1.629286259E-02 1.084572375E-01
 -4.261089116E-02 2.135982960E-01
 -5.156235769E-02 2.447485626E-01
 -4.817907140E-02 2.438107282E-01
 -3.577068448E-02 2.305722386E-01
 -1.695779711E-02 2.136747539E-01
 6.128515117E-03 1.966392696E-01
 3.186455369E-02 1.807361096E-01
 5.907272175E-02 1.663107276E-01
 8.692960441E-02 1.533842683E-01
 1.167282984E-01 1.413456649E-01
 1.475768089E-01 1.299715191E-01
 1.769813001E-01 1.198539585E-01
 2.047164440E-01 1.106595993E-01
 2.306525260E-01 1.021333933E-01
 2.547343671E-01 9.406170249E-02
 2.769344747E-01 8.626529574E-02
 2.972366214E-01 7.859967649E-02
 3.156294525E-01 7.096408308E-02
 3.320688903E-01 6.331201643E-02
 3.435512483E-01 5.731993914E-02
 3.513854146E-01 5.266525969E-02
 3.587340117E-01 4.772051051E-02
 3.655605316E-01 4.238529876E-02
 3.717811406E-01 3.654880449E-02
 3.772616684E-01 3.008052893E-02
 3.818004727E-01 2.281793393E-02
 3.851056099E-01 1.455442980E-02
 3.867663145E-01 5.021418445E-03
 3.862029016E-01 -6.141685415E-03
 3.826105595E-01 -1.944290474E-02
 3.748796880E-01 -3.563112020E-02
 3.614656627E-01 -5.588863045E-02
 3.402325213E-01 -8.222408593E-02
 3.082732558E-01 -1.182572916E-01
 2.618906796E-01 -1.704736054E-01
 1.971497089E-01 -2.484774441E-01
 1.116952077E-01 -3.562538326E-01
 1.313563995E-02 -4.527911842E-01
 -4.018329829E-02 -3.494630754E-01
 0.000000000E+00 0.000000000E+00
 0.000000000E+00 0.000000000E+00
 2.490312234E-02 1.778295487E-01
 9.083602577E-02 1.962041110E-01
 1.652861685E-01 1.781553924E-01
 2.372398823E-01 1.513401419E-01
 3.014350235E-01 1.251245737E-01
 3.574573398E-01 1.022654325E-01
 4.063130915E-01 8.330424130E-02
 4.491026998E-01 6.796227396E-02
 4.868075550E-01 5.566840991E-02
 5.203167796E-01 4.579596967E-02
 5.508635640E-01 3.816304728E-02
 5.792528987E-01 3.196467087E-02
 6.046981215E-01 2.712445147E-02
 6.275660992E-01 2.322737500E-02
 6.481641531E-01 1.999722794E-02
 6.667070389E-01 1.723681577E-02
 6.833524704E-01 1.479790919E-02
 6.982194185E-01 1.257111877E-02
 7.113751769E-01 1.049119420E-02
 7.228306532E-01 8.613594808E-03
 7.303698659E-01 6.992560346E-03
 7.350410819E-01 6.184815429E-03
 7.395823002E-01 5.396052264E-03
 7.438936234E-01 4.573519342E-03
 7.479336858E-01 3.672573483E-03
 7.516151071E-01 2.651994582E-03
 7.547932267E-01 1.464666566E-03
 7.572618723E-01 5.390078513E-05
 7.587321997E-01 -1.652000938E-03
 7.587978840E-01 -3.752027871E-03
 7.568860054E-01 -6.384911016E-03
 7.521809340E-01 -9.767367505E-03
 7.434902191E-01 -1.426107530E-02
 7.290092707E-01 -2.052224055E-02
 7.058486938E-01 -2.984534018E-02
 6.690599918E-01 -4.496044293E-02
 6.098759770E-01 -7.186222076E-02
 5.128995180E-01 -1.234661415E-01
 3.501320183E-01 -2.165832371E-01
 1.057122871E-01 -3.014572263E-01
 0.000000000E+00 0.000000000E+00
 5.000000000E-01 0.000000000E+00
 1.000000000E+00 0.000000000E+00
 1.000000000E+00 0.000000000E+00
 1.000000000E+00 0.000000000E+00
 1.000000000E+00 0.000000000E+00
 1.000000000E+00 0.000000000E+00
 1.000000000E+00 0.000000000E+00
 1.000000000E+00 0.000000000E+00
 1.000000000E+00 0.000000000E+00
 1.000000000E+00 0.000000000E+00
 1.000000000E+00 0.000000000E+00
 1.000000000E+00 0.000000000E+00
 1.000000000E+00 0.000000000E+00
 1.000000000E+00 0.000000000E+00
 1.000000000E+00 0.000000000E+00
 1.000000000E+00 0.000000000E+00
 1.000000000E+00 0.000000000E+00
 1.000000000E+00 0.000000000E+00
 1.000000000E+00 0.000000000E+00
 1.000000000E+00 0.000000000E+00
 1.000000000E+00 0.000000000E+00
 1.000000000E+00 0.000000000E+00
 1.000000000E+00 0.000000000E+00
 1.000000000E+00 0.000000000E+00
 1.000000000E+00 0.000000000E+00
 1.000000000E+00 0.000000000E+00
 1.000000000E+00 0.000000000E+00
 1.000000000E+00 0.000000000E+00
 1.000000000E+00 0.000000000E+00
 1.000000000E+00 0.000000000E+00
 1.000000000E+00 0.000000000E+00
 1.000000000E+00 0.000000000E+00
 1.000000000E+00 0.000000000E+00
 1.000000000E+00 0.000000000E+00
 1.000000000E+00 0.000000000E+00
 1.000000000E+00 0.000000000E+00
 1.000000000E+00 0.000000000E+00
 1.000000000E+00 0.000000000E+00
 1.000000000E+00 0.000000000E+00
 1.000000000E+00 0.000000000E+00
 1.000000000E+00 0.000000000E+00
 5.000000000E-01 0.000000000E+00